seqnames	start	end	width	strand	MAF	EUR_AF	N_ob	N_eur	pvalue	Padj.fdr	GENES
1	chr1	3872630	3872630	1	*	0.5	0	15	669	5.64239821139616e-15	9.81670316889798e-10	DFFB
2	chr1	10451273	10451273	1	*	0.4	0	10	669	2.39219018226442e-08	9.23921857621268e-05	CENPS-CORT, CORT
3	chr1	13225068	13225068	1	*	0.5	0.07	15	669	4.39269893391707e-06	0.00804614945765076	PRAMEF18
4	chr1	13230089	13230089	1	*	0.375	0	4	669	2.65336446614307e-05	0.0382201267727719	
5	chr1	16530683	16530683	1	*	0.417	0.001	6	669	1.56244936911689e-06	0.00333299992139456	
6	chr1	16720054	16720054	1	*	0.367	0.002	15	669	2.48930383890673e-10	2.75694686377451e-06	
7	chr1	16720118	16720118	1	*	0.4	0	15	669	3.59707587975014e-11	6.20162210781033e-07	
8	chr1	16871276	16871276	1	*	0.5	0.007	10	669	5.19455566176396e-08	0.000188440788622703	CROCC
9	chr1	16871536	16871536	1	*	0.3	0	10	669	2.31017223315822e-06	0.00455591844846035	CROCC
10	chr1	16871570	16871570	1	*	0.35	0	10	669	2.39219018226442e-08	9.23921857621268e-05	CROCC
11	chr1	16875358	16875358	1	*	0.417	0	6	669	3.91924589789679e-07	0.000965036618089592	CROCC
12	chr1	16875549	16875549	1	*	0.375	0	4	669	2.65336446614307e-05	0.0382201267727719	CROCC
13	chr1	16876782	16876782	1	*	0.5	0	4	669	2.65336446614307e-05	0.0382201267727719	CROCC
14	chr1	16877558	16877558	1	*	0.429	0	7	669	6.82824239089931e-07	0.0015904203329614	CROCC
15	chr1	20997361	20997361	1	*	0.35	0.005	10	669	8.19515110498485e-07	0.00186358041883851	EIF4G3
16	chr1	21563291	21563291	1	*	0.233	0	15	669	8.56843421977268e-06	0.0143725471774033	ALPL
17	chr1	23967872	23967872	1	*	0.344	0.02	16	669	1.31087845432432e-06	0.00286194372580644	SRSF10
18	chr1	25454438	25454438	1	*	0.385	0.007	13	669	2.54735095808738e-07	0.00069495349463432	MACO1
19	chr1	26282320	26282320	1	*	0.25	0	12	669	4.19805507924593e-06	0.00775759293904089	UBXN11
20	chr1	29306979	29306979	1	*	0.409	0	11	669	3.73704331834417e-08	0.000137053687071846	PTPRU
21	chr1	34483033	34483033	1	*	0.455	0.003	11	669	8.00640225717514e-09	4.20370904831666e-05	
22	chr1	41583125	41583125	1	*	0.167	0	15	669	8.56843421977268e-06	0.0143725471774033	HIVEP3
23	chr1	46345278	46345278	1	*	0.318	0	11	669	3.16247290814875e-06	0.00592910844216982	NSUN4
24	chr1	53902997	53902997	1	*	0.389	0.001	9	669	7.17625505847383e-08	0.000243432400066811	DIO1
25	chr1	54601140	54601140	1	*	0.389	0.001	9	669	7.17625505847383e-08	0.000243432400066811	ACOT11
26	chr1	54663701	54663701	1	*	0.409	0.007	11	669	4.5165117884001e-06	0.00826388731492637	MROH7-TTC4, MROH7
27	chr1	54815459	54815459	1	*	0.444	0.004	9	669	4.96384295463383e-07	0.00119960805332729	LEXM
28	chr1	58668914	58668914	1	*	0.3	0.001	15	669	7.45158467000705e-07	0.001725992392586	MYSM1
29	chr1	58682679	58682679	1	*	0.3	0.002	10	669	9.16892322716494e-06	0.0153336579278725	MYSM1
30	chr1	67042397	67042397	1	*	0.5	0	12	669	6.81888883257547e-12	2.37574490792634e-07	SLC35D1
31	chr1	68162007	68162007	1	*	0.417	0	12	669	6.58509835831571e-10	5.70600819928893e-06	GNG12-AS1, WLS
32	chr1	69898662	69898662	1	*	0.375	0.002	12	669	2.75997934942906e-07	0.00073614899920208	LRRC7
33	chr1	70035942	70035942	1	*	0.35	0	10	669	2.39219018226442e-08	9.23921857621268e-05	LRRC7
34	chr1	73954361	73954361	1	*	0.5	0	4	669	2.65336446614307e-05	0.0382201267727719	
35	chr1	85108022	85108022	1	*	0.469	0.04	16	669	1.96486454028559e-07	0.000546898698950283	WDR63
36	chr1	110637004	110637004	1	*	0.375	0.001	8	669	4.32650348005934e-06	0.0079335881813385	
37	chr1	111414879	111414879	1	*	0.281	0	16	669	2.00138609512939e-07	0.000546898698950283	OVGP1
38	chr1	111594478	111594478	1	*	0.444	0	9	669	1.44381967445115e-08	6.7428043289621e-05	RAP1A
39	chr1	117082236	117082236	1	*	0.389	0	9	669	1.44381967445115e-08	6.7428043289621e-05	TTF2
40	chr1	120449388	120449388	1	*	0.455	0	11	669	3.86971941248658e-10	3.81163139788469e-06	
41	chr1	120449389	120449389	1	*	0.455	0	11	669	3.86971941248658e-10	3.81163139788469e-06	
42	chr1	147642485	147642485	1	*	0.5	0	4	669	2.65336446614307e-05	0.0382201267727719	ACP6
43	chr1	150555614	150555614	1	*	0.467	0.04	15	669	1.93190353128751e-06	0.00394002536884414	ADAMTSL4
44	chr1	152798113	152798113	1	*	0.269	0	13	669	5.43346512969264e-06	0.00953479626768795	LCE1D
45	chr1	162376643	162376643	1	*	0.312	0	16	669	3.52667153326765e-09	2.09143002316727e-05	SPATA46, C1orf226, NOS1AP
46	chr1	167614198	167614198	1	*	0.375	0.002	8	669	4.32650348005934e-06	0.0079335881813385	
47	chr1	173961563	173961563	1	*	0.375	0	4	669	2.65336446614307e-05	0.0382201267727719	RC3H1
48	chr1	179366794	179366794	1	*	0.4	0	10	669	2.39219018226442e-08	9.23921857621268e-05	AXDND1
49	chr1	200669917	200669917	1	*	0.375	0.001	8	669	4.32650348005934e-06	0.0079335881813385	LOC101929224, DDX59
50	chr1	200899365	200899365	1	*	0.269	0	13	669	5.43346512969264e-06	0.00953479626768795	INAVA
51	chr1	204140282	204140282	1	*	0.292	0.003	12	669	8.20159875687069e-07	0.00186358041883851	ETNK2
52	chr1	212377797	212377797	1	*	0.179	0	14	669	6.88494450082176e-06	0.0118092757137372	TMEM206
53	chr1	215680406	215680406	1	*	0.188	0	16	669	1.04995793606019e-05	0.0172824626410255	USH2A
54	chr1	236111948	236111948	1	*	0.25	0.001	12	669	1.6625041132412e-05	0.0263285077299529	
55	chr1	237631689	237631689	1	*	0.278	0	9	669	1.62429713375755e-06	0.00333299992139456	RYR2
56	chr1	237709414	237709414	1	*	0.231	0	13	669	5.43346512969264e-06	0.00953479626768795	RYR2
57	chr1	246776308	246776308	1	*	0.462	0	13	669	1.25522402724493e-11	2.6912502015219e-07	LINC01341
58	chr1	248638309	248638309	1	*	0.375	0	4	669	2.65336446614307e-05	0.0382201267727719	OR2T35
59	chr2	10229292	10229292	1	*	0.375	0	4	669	2.65336446614307e-05	0.0382201267727719	
60	chr2	11331017	11331017	1	*	0.5	0	4	669	2.65336446614307e-05	0.0382201267727719	ROCK2
61	chr2	11614839	11614839	1	*	0.364	0	11	669	3.73704331834417e-08	0.000137053687071846	GREB1
62	chr2	27444653	27444653	1	*	0.458	0	12	669	6.58509835831571e-10	5.70600819928893e-06	KRTCAP3, IFT172
63	chr2	33839892	33839892	1	*	0.179	0.002	14	669	2.72056556966295e-05	0.0390200733361184	LINC01317
64	chr2	33840462	33840462	1	*	0.2	0	15	669	8.56843421977268e-06	0.0143725471774033	LINC01317
65	chr2	37757078	37757078	1	*	0.5	0	4	669	2.65336446614307e-05	0.0382201267727719	
66	chr2	37757758	37757758	1	*	0.429	0	7	669	6.82824239089931e-07	0.0015904203329614	
67	chr2	37771993	37771993	1	*	0.5	0	4	669	2.65336446614307e-05	0.0382201267727719	
68	chr2	38858431	38858431	1	*	0.4	0.001	10	669	1.18758952603972e-07	0.000354654737761079	DHX57
69	chr2	41845828	41845828	1	*	0.364	0	11	669	3.73704331834417e-08	0.000137053687071846	
70	chr2	44318095	44318095	1	*	0.333	0.001	12	669	2.75997934942906e-07	0.00073614899920208	SLC3A1, PREPL
71	chr2	49219294	49219294	1	*	0.5	0	3	669	1.33063657653822e-05	0.021193251518193	
72	chr2	61138960	61138960	1	*	0.333	0	9	669	1.62429713375755e-06	0.00333299992139456	C2orf74
73	chr2	62903785	62903785	1	*	0.5	0	12	669	6.81888883257547e-12	2.37574490792634e-07	EHBP1
74	chr2	68384154	68384154	1	*	0.333	0	9	669	1.62429713375755e-06	0.00333299992139456	PLEK
75	chr2	70674656	70674656	1	*	0.219	0	16	669	2.00138609512939e-07	0.000546898698950283	ADD2
76	chr2	70809057	70809057	1	*	0.286	0	14	669	1.11374102219176e-07	0.000341755213248331	CLEC4F
77	chr2	72636365	72636365	1	*	0.444	0	9	669	1.44381967445115e-08	6.7428043289621e-05	EXOC6B
78	chr2	75613361	75613361	1	*	0.5	0.001	6	669	1.56244936911689e-06	0.00333299992139456	
79	chr2	94807987	94807987	1	*	0.417	0.001	6	669	1.56244936911689e-06	0.00333299992139456	
80	chr2	95860714	95860714	1	*	0.375	0	4	669	2.65336446614307e-05	0.0382201267727719	ANKRD36C
81	chr2	95860722	95860722	1	*	0.5	0	3	669	1.33063657653822e-05	0.021193251518193	ANKRD36C
82	chr2	95927688	95927688	1	*	0.375	0	4	669	2.65336446614307e-05	0.0382201267727719	ANKRD36C
83	chr2	95936994	95936994	1	*	0.389	0	9	669	1.44381967445115e-08	6.7428043289621e-05	ANKRD36C
84	chr2	95948772	95948772	1	*	0.3	0	10	669	2.31017223315822e-06	0.00455591844846035	ANKRD36C
85	chr2	95950694	95950694	1	*	0.385	0	13	669	1.06223333305602e-09	7.46397889398981e-06	ANKRD36C
86	chr2	95950700	95950700	1	*	0.385	0	13	669	1.06223333305602e-09	7.46397889398981e-06	ANKRD36C
87	chr2	95951363	95951363	1	*	0.462	0	13	669	1.25522402724493e-11	2.6912502015219e-07	ANKRD36C
88	chr2	95951461	95951461	1	*	0.423	0	13	669	1.06223333305602e-09	7.46397889398981e-06	ANKRD36C
89	chr2	97142986	97142986	1	*	0.364	0	11	669	3.73704331834417e-08	0.000137053687071846	ANKRD36
90	chr2	97179872	97179872	1	*	0.45	0.001	10	669	1.18758952603972e-07	0.000354654737761079	ANKRD36
91	chr2	98544045	98544045	1	*	0.344	0	16	669	5.70490983322709e-11	7.63248933160573e-07	INPP4A
92	chr2	104736807	104736807	1	*	0.417	0	6	669	3.91924589789679e-07	0.000965036618089592	
93	chr2	106069124	106069124	1	*	0.417	0	6	669	3.91924589789679e-07	0.000965036618089592	C2orf40
94	chr2	121232107	121232107	1	*	0.269	0.001	13	669	2.14937957854999e-05	0.0335936176408193	TFCP2L1
95	chr2	141467801	141467801	1	*	0.5	0	4	669	2.65336446614307e-05	0.0382201267727719	LRP1B
96	chr2	142202547	142202547	1	*	0.429	0	7	669	6.82824239089931e-07	0.0015904203329614	
97	chr2	151411207	151411207	1	*	0.231	0	13	669	5.43346512969264e-06	0.00953479626768795	RIF1
98	chr2	152045618	152045618	1	*	0.417	0	6	669	3.91924589789679e-07	0.000965036618089592	CACNB4
99	chr2	158806847	158806847	1	*	0.389	0.01	9	669	4.56959120905752e-06	0.0083427515590159	DAPL1
100	chr2	159852412	159852412	1	*	0.4	0.003	10	669	3.53740962700138e-07	0.000930155743258709	LY75-CD302, LY75
101	chr2	173258576	173258576	1	*	0.389	0.001	9	669	7.17625505847383e-08	0.000243432400066811	MAP3K20-AS1, MAP3K20
102	chr2	173477899	173477899	1	*	0.45	0.005	10	669	8.19515110498485e-07	0.00186358041883851	
103	chr2	176131295	176131295	1	*	0.281	0.004	16	669	6.71258755718351e-06	0.0116450233546093	HOXD-AS2, HOXD8
104	chr2	178121403	178121403	1	*	0.25	0.005	14	669	3.76183017883808e-06	0.00701348992353405	RBM45
105	chr2	179936753	179936753	1	*	0.5	0	4	669	2.65336446614307e-05	0.0382201267727719	
106	chr2	189583826	189583826	1	*	0.35	0.01	10	669	7.50849663687056e-06	0.0128131039379256	
107	chr2	196764807	196764807	1	*	0.25	0	12	669	4.19805507924593e-06	0.00775759293904089	GTF3C3
108	chr2	201787331	201787331	1	*	0.5	0	4	669	2.65336446614307e-05	0.0382201267727719	
109	chr2	202290292	202290292	1	*	0.188	0	16	669	1.04995793606019e-05	0.0172824626410255	NOP58
110	chr2	207046202	207046202	1	*	0.455	0.002	11	669	2.30463289454755e-09	1.49967125518657e-05	
111	chr2	210141164	210141164	1	*	0.375	0	8	669	1.08767748808653e-06	0.00239339280905132	KANSL1L
112	chr2	210591913	210591913	1	*	0.438	0	16	669	8.40192906219008e-13	4.13263954973019e-08	CPS1
113	chr2	215379458	215379458	1	*	0.278	0	9	669	1.62429713375755e-06	0.00333299992139456	FN1
114	chr2	216307538	216307538	1	*	0.429	0.001	7	669	2.7191217841917e-06	0.00525702431782055	MARCH4
115	chr2	219281887	219281887	1	*	0.25	0.001	14	669	5.50309444691213e-07	0.00131148374731827	DNAJB2
116	chr2	219465924	219465924	1	*	0.455	0.03	11	669	1.76922683214121e-05	0.0279129081316811	SPEG
117	chr2	219465935	219465935	1	*	0.5	0.002	12	669	4.73685477569574e-11	7.63248933160573e-07	SPEG
118	chr2	219821120	219821120	1	*	0.5	0	3	669	1.33063657653822e-05	0.021193251518193	
119	chr2	241037198	241037198	1	*	0.25	0	16	669	2.00138609512939e-07	0.000546898698950283	SNED1
120	chr3	10049178	10049178	1	*	0.3	0	10	669	2.31017223315822e-06	0.00455591844846035	FANCD2
121	chr3	35747947	35747947	1	*	0.3	0	10	669	2.31017223315822e-06	0.00455591844846035	ARPP21
122	chr3	36892852	36892852	1	*	0.375	0.001	12	669	2.75997934942906e-07	0.00073614899920208	TRANK1
123	chr3	37519086	37519086	1	*	0.273	0	11	669	3.16247290814875e-06	0.00592910844216982	ITGA9
124	chr3	52444714	52444714	1	*	0.3	0	10	669	2.31017223315822e-06	0.00455591844846035	SEMA3G
125	chr3	53227267	53227267	1	*	0.389	0	9	669	1.44381967445115e-08	6.7428043289621e-05	TKT
126	chr3	53876091	53876091	1	*	0.233	0.001	15	669	3.38207800040367e-05	0.0480545584201621	ACTR8
127	chr3	57649922	57649922	1	*	0.5	0.001	7	669	2.02194823504661e-08	9.23921857621268e-05	DENND6A
128	chr3	75713824	75713824	1	*	0.333	0	9	669	1.62429713375755e-06	0.00333299992139456	ZNF717
129	chr3	75720482	75720482	1	*	0.5	0	4	669	2.65336446614307e-05	0.0382201267727719	ZNF717
130	chr3	75737234	75737234	1	*	0.375	0	16	669	5.70490983322709e-11	7.63248933160573e-07	ZNF717
131	chr3	75737298	75737298	1	*	0.286	0	14	669	1.11374102219176e-07	0.000341755213248331	ZNF717
132	chr3	75737477	75737477	1	*	0.312	0.001	16	669	2.08747837079445e-08	9.23921857621268e-05	ZNF717
133	chr3	75737791	75737791	1	*	0.281	0	16	669	2.00138609512939e-07	0.000546898698950283	ZNF717
134	chr3	75741362	75741362	1	*	0.188	0	16	669	1.04995793606019e-05	0.0172824626410255	ZNF717
135	chr3	81499058	81499058	1	*	0.219	0	16	669	2.00138609512939e-07	0.000546898698950283	GBE1
136	chr3	93988786	93988786	1	*	0.375	0.01	12	669	1.72038899396912e-05	0.0271680288428069	ARL13B
137	chr3	100311784	100311784	1	*	0.267	0.001	15	669	7.45158467000705e-07	0.001725992392586	TBC1D23
138	chr3	128464800	128464800	1	*	0.375	0	12	669	5.57263948572467e-08	0.000194966720012367	DNAJB8, DNAJB8-AS1
139	chr3	130082045	130082045	1	*	0.35	0	10	669	2.39219018226442e-08	9.23921857621268e-05	ALG1L2
140	chr3	130082095	130082095	1	*	0.333	0	9	669	1.62429713375755e-06	0.00333299992139456	ALG1L2
141	chr3	130403708	130403708	1	*	0.167	0	15	669	8.56843421977268e-06	0.0143725471774033	COL6A5
142	chr3	195651371	195651371	1	*	0.5	0.01	8	669	2.57507168333533e-06	0.00503086881389897	
143	chr3	195699777	195699777	1	*	0.273	0	11	669	3.16247290814875e-06	0.00592910844216982	
144	chr3	195783861	195783861	1	*	0.333	0	9	669	1.62429713375755e-06	0.00333299992139456	
145	chr3	195783956	195783956	1	*	0.357	0	14	669	1.64026660116606e-09	1.08853233758995e-05	
146	chr4	1737791	1737791	1	*	0.321	0.001	14	669	5.50309444691213e-07	0.00131148374731827	TACC3
147	chr4	4423695	4423695	1	*	0.231	0	13	669	5.43346512969264e-06	0.00953479626768795	STX18
148	chr4	7741451	7741451	1	*	0.364	0.001	11	669	1.85304278152214e-07	0.000536148434034832	SORCS2
149	chr4	10958733	10958733	1	*	0.318	0	11	669	3.16247290814875e-06	0.00592910844216982	
150	chr4	37861424	37861424	1	*	0.423	0.001	13	669	6.31063879697388e-09	3.44888990286211e-05	PGM2
151	chr4	39278808	39278808	1	*	0.45	0	10	669	2.39219018226442e-08	9.23921857621268e-05	WDR19
152	chr4	40123926	40123926	1	*	0.4	0	10	669	2.39219018226442e-08	9.23921857621268e-05	N4BP2
153	chr4	49502614	49502614	1	*	0.5	0	3	669	1.33063657653822e-05	0.021193251518193	
154	chr4	49574351	49574351	1	*	0.5	0	4	669	2.65336446614307e-05	0.0382201267727719	
155	chr4	54009964	54009964	1	*	0.318	0	11	669	3.16247290814875e-06	0.00592910844216982	CHIC2, PDGFRA
156	chr4	55556835	55556835	1	*	0.3	0	10	669	2.31017223315822e-06	0.00455591844846035	PDCL2
157	chr4	68049001	68049001	1	*	0.5	0	3	669	1.33063657653822e-05	0.021193251518193	UBA6-AS1
158	chr4	68229210	68229210	1	*	0.385	0	13	669	1.06223333305602e-09	7.46397889398981e-06	TMPRSS11B
159	chr4	68229212	68229212	1	*	0.385	0	13	669	1.06223333305602e-09	7.46397889398981e-06	TMPRSS11B
160	chr4	72450922	72450922	1	*	0.458	0	12	669	6.58509835831571e-10	5.70600819928893e-06	ADAMTS3
161	chr4	80431366	80431366	1	*	0.375	0	12	669	5.57263948572467e-08	0.000194966720012367	CFAP299
162	chr4	82857351	82857351	1	*	0.35	0	10	669	2.39219018226442e-08	9.23921857621268e-05	SEC31A
163	chr4	87127176	87127176	1	*	0.409	0	11	669	3.73704331834417e-08	0.000137053687071846	AFF1
164	chr4	99136707	99136707	1	*	0.2	0.001	15	669	3.38207800040367e-05	0.0480545584201621	LOC100507053, ADH4
165	chr4	109685238	109685238	1	*	0.367	0	15	669	3.59707587975014e-11	6.20162210781033e-07	MCUB
166	chr4	141266286	141266286	1	*	0.375	0	8	669	1.08767748808653e-06	0.00239339280905132	
167	chr4	143903120	143903120	1	*	0.462	0.001	13	669	8.70858089908092e-11	1.05534811414195e-06	GYPE
168	chr4	151957276	151957276	1	*	0.5	0	4	669	2.65336446614307e-05	0.0382201267727719	
169	chr4	156972733	156972733	1	*	0.375	0	4	669	2.65336446614307e-05	0.0382201267727719	
170	chr4	169032405	169032405	1	*	0.35	0.001	10	669	1.18758952603972e-07	0.000354654737761079	
171	chr4	173429292	173429292	1	*	0.5	0	3	669	1.33063657653822e-05	0.021193251518193	
172	chr4	188270681	188270681	1	*	0.429	0	7	669	6.82824239089931e-07	0.0015904203329614	
173	chr5	767538	767538	1	*	0.375	0	12	669	5.57263948572467e-08	0.000194966720012367	
174	chr5	1065183	1065183	1	*	0.45	0	10	669	2.39219018226442e-08	9.23921857621268e-05	
175	chr5	1141437	1141437	1	*	0.318	0	11	669	3.16247290814875e-06	0.00592910844216982	
176	chr5	2747319	2747319	1	*	0.444	0.001	9	669	7.17625505847383e-08	0.000243432400066811	IRX2
177	chr5	7290706	7290706	1	*	0.438	0	8	669	8.06882409559744e-09	4.20370904831666e-05	
178	chr5	21650938	21650938	1	*	0.375	0	4	669	2.65336446614307e-05	0.0382201267727719	
179	chr5	26889678	26889678	1	*	0.278	0	9	669	1.62429713375755e-06	0.00333299992139456	CDH9
180	chr5	34829178	34829178	1	*	0.5	0	4	669	2.65336446614307e-05	0.0382201267727719	RAI14
181	chr5	40957773	40957773	1	*	0.5	0	6	669	3.91924589789679e-07	0.000965036618089592	C7
182	chr5	55101965	55101965	1	*	0.438	0	8	669	8.06882409559744e-09	4.20370904831666e-05	
183	chr5	56928955	56928955	1	*	0.333	0	15	669	2.44241452235034e-09	1.57705574087533e-05	MIER3
184	chr5	61494145	61494145	1	*	0.214	0	14	669	6.88494450082176e-06	0.0118092757137372	ZSWIM6
185	chr5	62578792	62578792	1	*	0.308	0	13	669	8.00215777568871e-08	0.000252874917475357	LRRC70, IPO11
186	chr5	66870599	66870599	1	*	0.231	0	13	669	5.43346512969264e-06	0.00953479626768795	MAST4
187	chr5	78165484	78165484	1	*	0.3	0	10	669	2.31017223315822e-06	0.00455591844846035	AP3B1
188	chr5	97989595	97989595	1	*	0.346	0.001	13	669	3.95858955452211e-07	0.000965036618089592	
189	chr5	98576362	98576362	1	*	0.333	0	9	669	1.62429713375755e-06	0.00333299992139456	
190	chr5	108832750	108832750	1	*	0.269	0	13	669	5.43346512969264e-06	0.00953479626768795	FER
191	chr5	112902217	112902217	1	*	0.45	0	10	669	2.39219018226442e-08	9.23921857621268e-05	REEP5
192	chr5	115841971	115841971	1	*	0.179	0	14	669	6.88494450082176e-06	0.0118092757137372	AP3S1
193	chr5	124945815	124945815	1	*	0.5	0	4	669	2.65336446614307e-05	0.0382201267727719	
194	chr5	129146623	129146623	1	*	0.417	0	6	669	3.91924589789679e-07	0.000965036618089592	
195	chr5	141194596	141194596	1	*	0.346	0	13	669	8.00215777568871e-08	0.000252874917475357	PCDHB10
196	chr5	148114268	148114268	1	*	0.278	0.004	9	669	3.18400733538683e-05	0.0454332581172483	SPINK5
197	chr5	148315720	148315720	1	*	0.219	0	16	669	2.00138609512939e-07	0.000546898698950283	LOC102546294, SPINK7
198	chr5	150208076	150208076	1	*	0.5	0	4	669	2.65336446614307e-05	0.0382201267727719	SLC6A7
199	chr5	152273424	152273424	1	*	0.4	0.01	10	669	7.50849663687056e-06	0.0128131039379256	
200	chr5	155492611	155492611	1	*	0.269	0	13	669	5.43346512969264e-06	0.00953479626768795	
201	chr5	170098853	170098853	1	*	0.5	0	7	669	4.05839072267418e-09	2.30069619778132e-05	
202	chr5	171391960	171391960	1	*	0.375	0	12	669	5.57263948572467e-08	0.000194966720012367	NPM1
203	chr5	172203200	172203200	1	*	0.3	0	15	669	1.50985625018021e-07	0.000442208337976378	EFCAB9
204	chr5	175216268	175216268	1	*	0.5	0	3	669	1.33063657653822e-05	0.021193251518193	
205	chr5	175232234	175232234	1	*	0.308	0	13	669	8.00215777568871e-08	0.000252874917475357	
206	chr5	178079694	178079694	1	*	0.5	0	4	669	2.65336446614307e-05	0.0382201267727719	
207	chr5	180307145	180307145	1	*	0.333	0	12	669	5.57263948572467e-08	0.000194966720012367	GFPT2
208	chr5	180621986	180621986	1	*	0.308	0	13	669	8.00215777568871e-08	0.000252874917475357	FLT4
209	chr6	350940	350940	1	*	0.469	0.003	16	669	4.91390813689369e-13	2.93492113808654e-08	DUSP22
210	chr6	3138184	3138184	1	*	0.444	0	9	669	1.44381967445115e-08	6.7428043289621e-05	BPHL
211	chr6	14814403	14814403	1	*	0.5	0	6	669	3.91924589789679e-07	0.000965036618089592	
212	chr6	17805370	17805370	1	*	0.308	0.007	13	669	9.55780385804717e-06	0.0159361942570379	KIF13A
213	chr6	24418353	24418353	1	*	0.231	0.001	13	669	2.14937957854999e-05	0.0335936176408193	MRS2
214	chr6	25653338	25653338	1	*	0.312	0.001	16	669	2.08747837079445e-08	9.23921857621268e-05	SCGN
215	chr6	26373237	26373237	1	*	0.333	0.003	12	669	8.20159875687069e-07	0.00186358041883851	BTN3A2
216	chr6	26463748	26463748	1	*	0.278	0	9	669	1.62429713375755e-06	0.00333299992139456	BTN2A1
217	chr6	31277594	31277594	1	*	0.231	0.001	13	669	2.14937957854999e-05	0.0335936176408193	
218	chr6	31572704	31572704	1	*	0.219	0	16	669	2.00138609512939e-07	0.000546898698950283	
219	chr6	32518799	32518799	1	*	0.25	0.002	12	669	1.6625041132412e-05	0.0263285077299529	HLA-DRB5
220	chr6	32518801	32518801	1	*	0.3	0	10	669	2.31017223315822e-06	0.00455591844846035	HLA-DRB5
221	chr6	32518803	32518803	1	*	0.35	0.002	10	669	1.18758952603972e-07	0.000354654737761079	HLA-DRB5
222	chr6	32558131	32558131	1	*	0.458	0.01	12	669	4.90748849164825e-07	0.00119115287177017	
223	chr6	32589621	32589621	1	*	0.4	0.005	10	669	8.19515110498485e-07	0.00186358041883851	
224	chr6	32589626	32589626	1	*	0.4	0.005	10	669	8.19515110498485e-07	0.00186358041883851	
225	chr6	32589688	32589688	1	*	0.346	0.01	13	669	2.45012535960305e-05	0.0380452144406455	
226	chr6	32589782	32589782	1	*	0.308	0.01	13	669	2.45012535960305e-05	0.0380452144406455	
227	chr6	32616642	32616642	1	*	0.417	0	6	669	3.91924589789679e-07	0.000965036618089592	
228	chr6	34576087	34576087	1	*	0.4	0.001	10	669	1.18758952603972e-07	0.000354654737761079	
229	chr6	34883381	34883381	1	*	0.438	0	8	669	8.06882409559744e-09	4.20370904831666e-05	TAF11
230	chr6	38169483	38169483	1	*	0.5	0	9	669	1.44381967445115e-08	6.7428043289621e-05	BTBD9
231	chr6	38860648	38860648	1	*	0.469	0.002	16	669	9.9322682675934e-14	6.92093282065754e-09	DNAH8
232	chr6	41923143	41923143	1	*	0.429	0.002	7	669	2.7191217841917e-06	0.00525702431782055	BYSL
233	chr6	42209217	42209217	1	*	0.5	0	6	669	3.91924589789679e-07	0.000965036618089592	MRPS10
234	chr6	43282987	43282987	1	*	0.219	0	16	669	2.00138609512939e-07	0.000546898698950283	TTBK1
235	chr6	44173578	44173578	1	*	0.45	0	10	669	2.39219018226442e-08	9.23921857621268e-05	CAPN11
236	chr6	45866099	45866099	1	*	0.429	0	7	669	6.82824239089931e-07	0.0015904203329614	
237	chr6	45866228	45866228	1	*	0.3	0	10	669	2.31017223315822e-06	0.00455591844846035	
238	chr6	52244610	52244610	1	*	0.4	0.006	10	669	1.62734214808624e-06	0.00333515596653697	
239	chr6	53498689	53498689	1	*	0.5	0	11	669	3.43975058887694e-12	1.55472171271863e-07	GCLC
240	chr6	73963144	73963144	1	*	0.5	0	4	669	2.65336446614307e-05	0.0382201267727719	
241	chr6	89367928	89367928	1	*	0.273	0.001	11	669	1.25377803330447e-05	0.0203964683635677	RRAGD
242	chr6	109039046	109039046	1	*	0.4	0	10	669	2.39219018226442e-08	9.23921857621268e-05	SESN1
243	chr6	109632862	109632862	1	*	0.3	0	15	669	1.50985625018021e-07	0.000442208337976378	AK9
244	chr6	115757218	115757218	1	*	0.5	0	6	669	3.91924589789679e-07	0.000965036618089592	
245	chr6	116681111	116681111	1	*	0.318	0.002	11	669	1.25377803330447e-05	0.0203964683635677	
246	chr6	116800264	116800264	1	*	0.45	0.01	10	669	7.50849663687056e-06	0.0128131039379256	GPRC6A
247	chr6	158768390	158768390	1	*	0.333	0	9	669	1.62429713375755e-06	0.00333299992139456	EZR
248	chr6	160163742	160163742	1	*	0.375	0	4	669	2.65336446614307e-05	0.0382201267727719	
249	chr6	163166283	163166283	1	*	0.385	0.02	13	669	7.99642235620307e-06	0.0135215621069955	PACRG, PACRG-AS3
250	chr6	167508865	167508865	1	*	0.417	0	6	669	3.91924589789679e-07	0.000965036618089592	
251	chr6	167947824	167947824	1	*	0.267	0	15	669	1.50985625018021e-07	0.000442208337976378	AFDN
252	chr7	2997709	2997709	1	*	0.5	0	4	669	2.65336446614307e-05	0.0382201267727719	CARD11
253	chr7	5604520	5604520	1	*	0.5	0	4	669	2.65336446614307e-05	0.0382201267727719	FSCN1
254	chr7	21867834	21867834	1	*	0.5	0.001	16	669	9.9322682675934e-14	6.92093282065754e-09	DNAH11
255	chr7	22961164	22961164	1	*	0.406	0	16	669	5.70490983322709e-11	7.63248933160573e-07	FAM126A
256	chr7	24707683	24707683	1	*	0.444	0	9	669	1.44381967445115e-08	6.7428043289621e-05	GSDME
257	chr7	100963322	100963322	1	*	0.308	0	13	669	8.00215777568871e-08	0.000252874917475357	MUC3A
258	chr7	100963439	100963439	1	*	0.318	0	11	669	3.16247290814875e-06	0.00592910844216982	MUC3A
259	chr7	100963440	100963440	1	*	0.318	0	11	669	3.16247290814875e-06	0.00592910844216982	MUC3A
260	chr7	100963479	100963479	1	*	0.455	0	11	669	3.86971941248658e-10	3.81163139788469e-06	MUC3A
261	chr7	100963628	100963628	1	*	0.5	0	13	669	1.25522402724493e-11	2.6912502015219e-07	MUC3A
262	chr7	100963782	100963782	1	*	0.5	0.01	13	669	2.02322671441419e-08	9.23921857621268e-05	MUC3A
263	chr7	100963900	100963900	1	*	0.462	0	13	669	1.25522402724493e-11	2.6912502015219e-07	MUC3A
264	chr7	100965037	100965037	1	*	0.45	0.002	10	669	1.18758952603972e-07	0.000354654737761079	MUC3A
265	chr7	100965468	100965468	1	*	0.458	0	12	669	6.58509835831571e-10	5.70600819928893e-06	MUC3A
266	chr7	100965473	100965473	1	*	0.458	0	12	669	6.58509835831571e-10	5.70600819928893e-06	MUC3A
267	chr7	100965477	100965477	1	*	0.458	0	12	669	6.58509835831571e-10	5.70600819928893e-06	MUC3A
268	chr7	100965547	100965547	1	*	0.455	0	11	669	3.86971941248658e-10	3.81163139788469e-06	MUC3A
269	chr7	100965685	100965685	1	*	0.5	0.006	13	669	2.54347273601023e-09	1.63599198982286e-05	MUC3A
270	chr7	100965753	100965753	1	*	0.5	0	13	669	1.25522402724493e-11	2.6912502015219e-07	MUC3A
271	chr7	100965754	100965754	1	*	0.5	0.001	13	669	8.70858089908092e-11	1.05534811414195e-06	MUC3A
272	chr7	100968819	100968819	1	*	0.5	0	6	669	3.91924589789679e-07	0.000965036618089592	
273	chr7	100968822	100968822	1	*	0.5	0	6	669	3.91924589789679e-07	0.000965036618089592	
274	chr7	100969037	100969037	1	*	0.438	0	8	669	8.06882409559744e-09	4.20370904831666e-05	
275	chr7	100969169	100969169	1	*	0.35	0	10	669	2.39219018226442e-08	9.23921857621268e-05	
276	chr7	100969303	100969303	1	*	0.364	0	11	669	3.73704331834417e-08	0.000137053687071846	
277	chr7	100969377	100969377	1	*	0.389	0	9	669	1.44381967445115e-08	6.7428043289621e-05	
278	chr7	100969617	100969617	1	*	0.438	0	16	669	8.40192906219008e-13	4.13263954973019e-08	
279	chr7	100969846	100969846	1	*	0.417	0	12	669	6.58509835831571e-10	5.70600819928893e-06	MUC12
280	chr7	100972900	100972900	1	*	0.346	0	13	669	8.00215777568871e-08	0.000252874917475357	MUC12
281	chr7	101402657	101402657	1	*	0.3	0	10	669	2.31017223315822e-06	0.00455591844846035	COL26A1
282	chr7	102329356	102329356	1	*	0.5	0.001	10	669	1.26794755588799e-09	8.69038263539689e-06	
283	chr7	105051094	105051094	1	*	0.438	0.001	8	669	4.01522910789833e-08	0.000146293516641021	KMT2E
284	chr7	105482444	105482444	1	*	0.4	0	10	669	2.39219018226442e-08	9.23921857621268e-05	PUS7
285	chr7	107935347	107935347	1	*	0.333	0.001	9	669	6.45387394479663e-06	0.0112078323421128	LAMB1
286	chr7	108614678	108614678	1	*	0.429	0	7	669	6.82824239089931e-07	0.0015904203329614	
287	chr7	113236866	113236866	1	*	0.375	0	4	669	2.65336446614307e-05	0.0382201267727719	
288	chr7	122480297	122480297	1	*	0.4	0	10	669	2.39219018226442e-08	9.23921857621268e-05	CADPS2
289	chr7	129458472	129458472	1	*	0.3	0	15	669	1.50985625018021e-07	0.000442208337976378	STRIP2
290	chr7	138871070	138871070	1	*	0.462	0.001	13	669	8.70858089908092e-11	1.05534811414195e-06	KIAA1549
291	chr7	142345852	142345852	1	*	0.3	0	15	669	1.50985625018021e-07	0.000442208337976378	
292	chr7	142463547	142463547	1	*	0.5	0	13	669	1.25522402724493e-11	2.6912502015219e-07	
293	chr7	142463590	142463590	1	*	0.385	0	13	669	1.06223333305602e-09	7.46397889398981e-06	
294	chr7	142474032	142474032	1	*	0.333	0	15	669	2.44241452235034e-09	1.57705574087533e-05	
295	chr7	142487869	142487869	1	*	0.462	0	13	669	1.25522402724493e-11	2.6912502015219e-07	
296	chr7	142488466	142488466	1	*	0.409	0	11	669	3.73704331834417e-08	0.000137053687071846	
297	chr7	142492107	142492107	1	*	0.3	0	15	669	1.50985625018021e-07	0.000442208337976378	
298	chr7	142492862	142492862	1	*	0.3	0	10	669	2.31017223315822e-06	0.00455591844846035	
299	chr7	142500167	142500167	1	*	0.346	0	13	669	8.00215777568871e-08	0.000252874917475357	
300	chr7	142501755	142501755	1	*	0.5	0	6	669	3.91924589789679e-07	0.000965036618089592	
301	chr7	142507247	142507247	1	*	0.4	0	10	669	2.39219018226442e-08	9.23921857621268e-05	
302	chr7	142750586	142750586	1	*	0.281	0	16	669	2.00138609512939e-07	0.000546898698950283	
303	chr7	142750815	142750815	1	*	0.219	0	16	669	2.00138609512939e-07	0.000546898698950283	
304	chr7	142752410	142752410	1	*	0.281	0	16	669	2.00138609512939e-07	0.000546898698950283	
305	chr7	142752444	142752444	1	*	0.281	0	16	669	2.00138609512939e-07	0.000546898698950283	
306	chr7	142752643	142752643	1	*	0.346	0	13	669	8.00215777568871e-08	0.000252874917475357	
307	chr7	142752844	142752844	1	*	0.312	0.003	16	669	7.20759866505843e-08	0.000244000705164152	
308	chr7	142759430	142759430	1	*	0.364	0.003	11	669	5.51303568667547e-07	0.00131148374731827	
309	chr7	142759455	142759455	1	*	0.333	0	12	669	5.57263948572467e-08	0.000194966720012367	
310	chr7	142759581	142759581	1	*	0.346	0	13	669	8.00215777568871e-08	0.000252874917475357	
311	chr7	142759592	142759592	1	*	0.333	0.001	12	669	2.75997934942906e-07	0.00073614899920208	
312	chr7	142759692	142759692	1	*	0.269	0	13	669	5.43346512969264e-06	0.00953479626768795	
313	chr7	142763838	142763838	1	*	0.308	0	13	669	8.00215777568871e-08	0.000252874917475357	
314	chr7	142764095	142764095	1	*	0.292	0.001	12	669	2.75997934942906e-07	0.00073614899920208	
315	chr7	142772055	142772055	1	*	0.462	0	13	669	1.25522402724493e-11	2.6912502015219e-07	
316	chr7	142772923	142772923	1	*	0.3	0	10	669	2.31017223315822e-06	0.00455591844846035	
317	chr7	142773580	142773580	1	*	0.409	0.009	11	669	7.46488572462203e-06	0.0127908904779276	
318	chr7	142773841	142773841	1	*	0.385	0	13	669	1.06223333305602e-09	7.46397889398981e-06	
319	chr7	151195597	151195597	1	*	0.45	0	10	669	2.39219018226442e-08	9.23921857621268e-05	IQCA1L
320	chr7	151821609	151821609	1	*	0.5	0	4	669	2.65336446614307e-05	0.0382201267727719	PRKAG2
321	chr8	25390305	25390305	1	*	0.25	0	14	669	1.11374102219176e-07	0.000341755213248331	DOCK5
322	chr8	27864060	27864060	1	*	0.5	0	7	669	4.05839072267418e-09	2.30069619778132e-05	
323	chr8	27903801	27903801	1	*	0.5	0	3	669	1.33063657653822e-05	0.021193251518193	SCARA5
324	chr8	33286023	33286023	1	*	0.25	0.001	12	669	1.6625041132412e-05	0.0263285077299529	
325	chr8	33497355	33497355	1	*	0.4	0.003	10	669	3.53740962700138e-07	0.000930155743258709	TTI2, MAK16
326	chr8	38060038	38060038	1	*	0.219	0	16	669	2.00138609512939e-07	0.000546898698950283	EIF4EBP1
327	chr8	38060043	38060043	1	*	0.219	0.002	16	669	9.86586361431624e-07	0.00221168724949938	EIF4EBP1
328	chr8	40625281	40625281	1	*	0.25	0	12	669	4.19805507924593e-06	0.00775759293904089	ZMAT4
329	chr8	52975837	52975837	1	*	0.231	0	13	669	5.43346512969264e-06	0.00953479626768795	
330	chr8	53095912	53095912	1	*	0.292	0	12	669	5.57263948572467e-08	0.000194966720012367	
331	chr8	57215055	57215055	1	*	0.417	0	6	669	3.91924589789679e-07	0.000965036618089592	
332	chr8	57215070	57215070	1	*	0.5	0.007	6	669	2.1582097816746e-05	0.0336373186075797	
333	chr9	33795706	33795706	1	*	0.321	0	14	669	1.11374102219176e-07	0.000341755213248331	PRSS3
334	chr9	33797575	33797575	1	*	0.308	0.001	13	669	3.95858955452211e-07	0.000965036618089592	PRSS3
335	chr9	33798019	33798019	1	*	0.281	0	16	669	2.00138609512939e-07	0.000546898698950283	PRSS3
336	chr9	33798147	33798147	1	*	0.321	0	14	669	1.11374102219176e-07	0.000341755213248331	PRSS3
337	chr9	33799331	33799331	1	*	0.375	0	12	669	5.57263948572467e-08	0.000194966720012367	
338	chr9	35752277	35752277	1	*	0.308	0	13	669	8.00215777568871e-08	0.000252874917475357	RGP1
339	chr9	39025044	39025044	1	*	0.5	0	3	669	1.33063657653822e-05	0.021193251518193	
340	chr9	40935555	40935555	1	*	0.4	0	10	669	2.39219018226442e-08	9.23921857621268e-05	
341	chr9	41269300	41269300	1	*	0.278	0	9	669	1.62429713375755e-06	0.00333299992139456	
342	chr9	97307229	97307229	1	*	0.308	0	13	669	8.00215777568871e-08	0.000252874917475357	SUGT1P4-STRA6LP-CCDC180
343	chr9	108903824	108903824	1	*	0.292	0.001	12	669	2.75997934942906e-07	0.00073614899920208	ELP1
344	chr9	111705166	111705166	1	*	0.231	0.001	13	669	2.14937957854999e-05	0.0335936176408193	C9orf84
345	chr9	112297820	112297820	1	*	0.423	0	13	669	1.06223333305602e-09	7.46397889398981e-06	PTBP3
346	chr9	114894353	114894353	1	*	0.385	0	13	669	1.06223333305602e-09	7.46397889398981e-06	TNFSF8
347	chr9	115020557	115020557	1	*	0.417	0.008	12	669	1.58893041252711e-07	0.000463743344558487	TNC
348	chr9	123994998	123994998	1	*	0.278	0	9	669	1.62429713375755e-06	0.00333299992139456	
349	chr9	127479095	127479095	1	*	0.281	0.001	16	669	9.86586361431624e-07	0.00221168724949938	LRSAM1
350	chr9	129427575	129427575	1	*	0.375	0	4	669	2.65336446614307e-05	0.0382201267727719	
351	chr9	129438063	129438063	1	*	0.278	0.003	9	669	1.60270410361144e-05	0.0254779829883907	
352	chr9	129439176	129439176	1	*	0.273	0	11	669	3.16247290814875e-06	0.00592910844216982	
353	chr9	130141488	130141488	1	*	0.35	0	10	669	2.39219018226442e-08	9.23921857621268e-05	GPRACR
354	chr9	133588219	133588219	1	*	0.429	0	7	669	6.82824239089931e-07	0.0015904203329614	
355	chr9	133791944	133791944	1	*	0.364	0	11	669	3.73704331834417e-08	0.000137053687071846	VAV2
356	chr9	134792851	134792851	1	*	0.389	0.001	9	669	7.17625505847383e-08	0.000243432400066811	COL5A1
357	chr9	134850650	134850650	1	*	0.423	0	13	669	1.06223333305602e-09	7.46397889398981e-06	MIR3689E
358	chr9	136383542	136383542	1	*	0.25	0.001	16	669	9.86586361431624e-07	0.00221168724949938	SNAPC4
359	chr9	136973489	136973489	1	*	0.5	0	8	669	8.06882409559744e-09	4.20370904831666e-05	
360	chr9	137252642	137252642	1	*	0.357	0	14	669	1.64026660116606e-09	1.08853233758995e-05	STPG3-AS1, STPG3
361	chr10	7824305	7824305	1	*	0.25	0.001	16	669	9.86586361431624e-07	0.00221168724949938	TAF3
362	chr10	11320826	11320826	1	*	0.385	0.001	13	669	6.31063879697388e-09	3.44888990286211e-05	CELF2
363	chr10	24619261	24619261	1	*	0.4	0.001	10	669	1.18758952603972e-07	0.000354654737761079	ARHGAP21
364	chr10	26869196	26869196	1	*	0.333	0	9	669	1.62429713375755e-06	0.00333299992139456	
365	chr10	27331666	27331666	1	*	0.5	0	3	669	1.33063657653822e-05	0.021193251518193	
366	chr10	37145054	37145054	1	*	0.188	0	16	669	1.04995793606019e-05	0.0172824626410255	ANKRD30A
367	chr10	42149245	42149245	1	*	0.5	0	8	669	8.06882409559744e-09	4.20370904831666e-05	
368	chr10	42209893	42209893	1	*	0.417	0	6	669	3.91924589789679e-07	0.000965036618089592	
369	chr10	46550016	46550016	1	*	0.5	0.01	16	669	6.66381379148598e-11	8.84463147460744e-07	GPRIN2
370	chr10	47379528	47379528	1	*	0.5	0	7	669	4.05839072267418e-09	2.30069619778132e-05	ZNF488
371	chr10	48823167	48823167	1	*	0.308	0.001	13	669	3.95858955452211e-07	0.000965036618089592	WDFY4
372	chr10	50025525	50025525	1	*	0.3	0	10	669	2.31017223315822e-06	0.00455591844846035	
373	chr10	50033708	50033708	1	*	0.333	0.001	12	669	2.75997934942906e-07	0.00073614899920208	
374	chr10	51320450	51320450	1	*	0.357	0	14	669	1.64026660116606e-09	1.08853233758995e-05	PRKG1
375	chr10	56458739	56458739	1	*	0.5	0	9	669	1.44381967445115e-08	6.7428043289621e-05	
376	chr10	80126580	80126580	1	*	0.5	0	4	669	2.65336446614307e-05	0.0382201267727719	
377	chr10	86128178	86128178	1	*	0.5	0.008	7	669	5.02271155940822e-07	0.0012120832177616	GRID1
378	chr10	87659881	87659881	1	*	0.5	0.001	11	669	2.3925149496521e-11	4.44569418729515e-07	PAPSS2
379	chr10	90942940	90942940	1	*	0.417	0.005	6	669	7.75994461063901e-06	0.0132017814135776	
380	chr10	102873296	102873296	1	*	0.231	0.001	13	669	2.14937957854999e-05	0.0335936176408193	BORCS7-ASMT, AS3MT
381	chr10	108388056	108388056	1	*	0.375	0	4	669	2.65336446614307e-05	0.0382201267727719	
382	chr11	56375932	56375932	1	*	0.312	0.001	16	669	2.08747837079445e-08	9.23921857621268e-05	OR8U1
383	chr11	56375938	56375938	1	*	0.312	0.001	16	669	2.08747837079445e-08	9.23921857621268e-05	OR8U1
384	chr11	56375939	56375939	1	*	0.312	0.001	16	669	2.08747837079445e-08	9.23921857621268e-05	OR8U1
385	chr11	56700405	56700405	1	*	0.406	0	16	669	5.70490983322709e-11	7.63248933160573e-07	
386	chr11	56700450	56700450	1	*	0.5	0	16	669	1.11530031798983e-14	9.81670316889798e-10	
387	chr11	56700469	56700469	1	*	0.344	0	16	669	5.70490983322709e-11	7.63248933160573e-07	
388	chr11	56700545	56700545	1	*	0.5	0.003	16	669	4.91390813689369e-13	2.93492113808654e-08	
389	chr11	56700722	56700722	1	*	0.406	0.02	16	669	1.31087845432432e-06	0.00286194372580644	
390	chr11	56700726	56700726	1	*	0.438	0.02	16	669	5.58961980752944e-08	0.000195152531831768	
391	chr11	56700736	56700736	1	*	0.438	0.03	16	669	5.89153746803382e-07	0.00139754873421331	
392	chr11	56700892	56700892	1	*	0.469	0	16	669	1.11530031798983e-14	9.81670316889798e-10	
393	chr11	56700964	56700964	1	*	0.375	0	16	669	5.70490983322709e-11	7.63248933160573e-07	
394	chr11	56701078	56701078	1	*	0.5	0.05	16	669	7.46974210355719e-07	0.001727805072839	
395	chr11	56701405	56701405	1	*	0.385	0	13	669	1.06223333305602e-09	7.46397889398981e-06	
396	chr11	56701417	56701417	1	*	0.385	0	13	669	1.06223333305602e-09	7.46397889398981e-06	
397	chr11	72577606	72577606	1	*	0.286	0.003	14	669	1.63146286936422e-06	0.00333542611374588	PDE2A
398	chr11	74963567	74963567	1	*	0.25	0.001	12	669	1.6625041132412e-05	0.0263285077299529	SPCS2
399	chr11	88080853	88080853	1	*	0.5	0	4	669	2.65336446614307e-05	0.0382201267727719	
400	chr11	93801765	93801765	1	*	0.179	0.001	14	669	2.72056556966295e-05	0.0390200733361184	MED17
401	chr11	118422629	118422629	1	*	0.375	0	4	669	2.65336446614307e-05	0.0382201267727719	ATP5MG
402	chr11	124224923	124224923	1	*	0.188	0	16	669	1.04995793606019e-05	0.0172824626410255	
403	chr11	124849069	124849069	1	*	0.25	0	12	669	4.19805507924593e-06	0.00775759293904089	
404	chr12	59924	59924	1	*	0.5	0	7	669	4.05839072267418e-09	2.30069619778132e-05	
405	chr12	865142	865142	1	*	0.5	0.005	16	669	1.78279547238547e-12	8.51845654582662e-08	WNK1
406	chr12	3299704	3299704	1	*	0.278	0.001	9	669	6.45387394479663e-06	0.0112078323421128	
407	chr12	3322968	3322968	1	*	0.458	0.002	12	669	3.91696457082656e-09	2.28241798501267e-05	
408	chr12	11021614	11021614	1	*	0.286	0	14	669	1.11374102219176e-07	0.000341755213248331	
409	chr12	11021687	11021687	1	*	0.312	0.01	16	669	2.53934730429612e-06	0.00497269321274816	
410	chr12	11021773	11021773	1	*	0.312	0	16	669	3.52667153326765e-09	2.09143002316727e-05	
411	chr12	11030276	11030276	1	*	0.308	0	13	669	8.00215777568871e-08	0.000252874917475357	
412	chr12	11030290	11030290	1	*	0.308	0.001	13	669	3.95858955452211e-07	0.000965036618089592	
413	chr12	11077984	11077984	1	*	0.5	0.006	11	669	7.04118011994041e-10	6.06975495606312e-06	
414	chr12	11078235	11078235	1	*	0.455	0	11	669	3.86971941248658e-10	3.81163139788469e-06	
415	chr12	11091550	11091550	1	*	0.467	0.001	15	669	3.78040680163541e-12	1.66372818292679e-07	
416	chr12	11091662	11091662	1	*	0.308	0	13	669	8.00215777568871e-08	0.000252874917475357	
417	chr12	11091770	11091770	1	*	0.393	0.03	14	669	4.08079691307482e-06	0.00759969353939599	
418	chr12	11092132	11092132	1	*	0.423	0.002	13	669	6.31063879697388e-09	3.44888990286211e-05	
419	chr12	23111983	23111983	1	*	0.5	0	6	669	3.91924589789679e-07	0.000965036618089592	LOC101928441
420	chr12	40505149	40505149	1	*	0.375	0	4	669	2.65336446614307e-05	0.0382201267727719	MUC19
421	chr12	40511352	40511352	1	*	0.5	0	3	669	1.33063657653822e-05	0.021193251518193	MUC19
422	chr12	51299848	51299848	1	*	0.346	0.001	13	669	3.95858955452211e-07	0.000965036618089592	BIN2
423	chr12	53270524	53270524	1	*	0.281	0	16	669	2.00138609512939e-07	0.000546898698950283	ESPL1
424	chr12	65068649	65068649	1	*	0.286	0.001	14	669	5.50309444691213e-07	0.00131148374731827	WIF1
425	chr12	69638347	69638347	1	*	0.5	0	4	669	2.65336446614307e-05	0.0382201267727719	
426	chr12	78143358	78143358	1	*	0.385	0	13	669	1.06223333305602e-09	7.46397889398981e-06	NAV3
427	chr12	85876851	85876851	1	*	0.231	0	13	669	5.43346512969264e-06	0.00953479626768795	NTS
428	chr12	88243454	88243454	1	*	0.444	0	9	669	1.44381967445115e-08	6.7428043289621e-05	
429	chr12	91417171	91417171	1	*	0.5	0	4	669	2.65336446614307e-05	0.0382201267727719	
430	chr12	91816476	91816476	1	*	0.375	0	4	669	2.65336446614307e-05	0.0382201267727719	
431	chr12	101063072	101063072	1	*	0.5	0	7	669	4.05839072267418e-09	2.30069619778132e-05	ANO4
432	chr12	101972973	101972973	1	*	0.5	0	4	669	2.65336446614307e-05	0.0382201267727719	DRAM1
433	chr12	106608780	106608780	1	*	0.214	0.002	14	669	2.72056556966295e-05	0.0390200733361184	LOC100287944, RFX4
434	chr12	110435322	110435322	1	*	0.3	0	10	669	2.31017223315822e-06	0.00455591844846035	ARPC3, ANAPC7
435	chr12	116428308	116428308	1	*	0.346	0.001	13	669	3.95858955452211e-07	0.000965036618089592	MIR4472-2
436	chr12	124993835	124993835	1	*	0.4	0	10	669	2.39219018226442e-08	9.23921857621268e-05	BRI3BP
437	chr12	125749970	125749970	1	*	0.5	0	10	669	2.12639127312393e-10	2.45246384275867e-06	
438	chr12	130563963	130563963	1	*	0.375	0.001	8	669	4.32650348005934e-06	0.0079335881813385	RIMBP2
439	chr12	130787501	130787501	1	*	0.375	0.001	8	669	4.32650348005934e-06	0.0079335881813385	
440	chr12	131756392	131756392	1	*	0.385	0	13	669	1.06223333305602e-09	7.46397889398981e-06	SFSWAP
441	chr12	132335595	132335595	1	*	0.364	0.003	11	669	5.51303568667547e-07	0.00131148374731827	
442	chr13	19659955	19659955	1	*	0.333	0	9	669	1.62429713375755e-06	0.00333299992139456	MPHOSPH8
443	chr13	25096739	25096739	1	*	0.25	0.003	16	669	2.91800951687898e-06	0.00561557667843737	PABPC3
444	chr13	25097076	25097076	1	*	0.188	0	16	669	1.04995793606019e-05	0.0172824626410255	PABPC3
445	chr13	28368703	28368703	1	*	0.35	0	10	669	2.39219018226442e-08	9.23921857621268e-05	FLT1
446	chr13	36258086	36258086	1	*	0.423	0	13	669	1.06223333305602e-09	7.46397889398981e-06	CCDC169-SOHLH2, CCDC169
447	chr13	39803108	39803108	1	*	0.5	0	4	669	2.65336446614307e-05	0.0382201267727719	
448	chr13	63063940	63063940	1	*	0.375	0	4	669	2.65336446614307e-05	0.0382201267727719	
449	chr13	72003089	72003089	1	*	0.333	0	9	669	1.62429713375755e-06	0.00333299992139456	
450	chr13	76855300	76855300	1	*	0.5	0	4	669	2.65336446614307e-05	0.0382201267727719	
451	chr13	79371937	79371937	1	*	0.417	0.03	12	669	2.93689027152764e-05	0.0420506111513658	RBM26
452	chr13	93640832	93640832	1	*	0.444	0	9	669	1.44381967445115e-08	6.7428043289621e-05	GPC6
453	chr13	95188166	95188166	1	*	0.375	0	8	669	1.08767748808653e-06	0.00239339280905132	ABCC4
454	chr13	102643201	102643201	1	*	0.433	0.001	15	669	2.48930383890673e-10	2.75694686377451e-06	TPP2
455	chr13	106495498	106495498	1	*	0.389	0	9	669	1.44381967445115e-08	6.7428043289621e-05	EFNB2
456	chr13	110677242	110677242	1	*	0.458	0.002	12	669	3.91696457082656e-09	2.28241798501267e-05	CARS2
457	chr13	111452261	111452261	1	*	0.375	0	8	669	1.08767748808653e-06	0.00239339280905132	
458	chr13	112028339	112028339	1	*	0.5	0	10	669	2.12639127312393e-10	2.45246384275867e-06	
459	chr13	113432634	113432634	1	*	0.375	0	12	669	5.57263948572467e-08	0.000194966720012367	LOC101928841, ADPRHL1
460	chr13	113601340	113601340	1	*	0.308	0.001	13	669	3.95858955452211e-07	0.000965036618089592	TFDP1
461	chr14	24064653	24064653	1	*	0.35	0	10	669	2.39219018226442e-08	9.23921857621268e-05	CARMIL3
462	chr14	24505253	24505253	1	*	0.375	0	8	669	1.08767748808653e-06	0.00239339280905132	
463	chr14	30829087	30829087	1	*	0.5	0	4	669	2.65336446614307e-05	0.0382201267727719	
464	chr14	49831435	49831435	1	*	0.273	0	11	669	3.16247290814875e-06	0.00592910844216982	NEMF
465	chr14	50629926	50629926	1	*	0.423	0	13	669	1.06223333305602e-09	7.46397889398981e-06	ATL1
466	chr14	59944866	59944866	1	*	0.385	0.004	13	669	5.77433100334662e-08	0.00019951876503673	LRRC9
467	chr14	72612583	72612583	1	*	0.5	0.001	13	669	8.70858089908092e-11	1.05534811414195e-06	
468	chr14	74506853	74506853	1	*	0.179	0.001	14	669	2.72056556966295e-05	0.0390200733361184	LTBP2
469	chr14	87941372	87941372	1	*	0.25	0	16	669	2.00138609512939e-07	0.000546898698950283	GALC
470	chr14	88185482	88185482	1	*	0.308	0	13	669	8.00215777568871e-08	0.000252874917475357	KCNK10
471	chr14	104945729	104945729	1	*	0.5	0	15	669	5.64239821139616e-15	9.81670316889798e-10	AHNAK2
472	chr14	104950348	104950348	1	*	0.312	0	16	669	3.52667153326765e-09	2.09143002316727e-05	AHNAK2
473	chr14	104951923	104951923	1	*	0.464	0.02	14	669	5.17078587354779e-07	0.00124601857729301	AHNAK2
474	chr14	104952007	104952007	1	*	0.406	0	16	669	5.70490983322709e-11	7.63248933160573e-07	AHNAK2
475	chr14	105625406	105625406	1	*	0.233	0.001	15	669	3.38207800040367e-05	0.0480545584201621	
476	chr14	105868347	105868347	1	*	0.5	0.01	7	669	1.30603617428912e-06	0.00286194372580644	
477	chr14	105986702	105986702	1	*	0.462	0	13	669	1.25522402724493e-11	2.6912502015219e-07	
478	chr14	105986703	105986703	1	*	0.462	0.001	13	669	8.70858089908092e-11	1.05534811414195e-06	
479	chr14	105986708	105986708	1	*	0.462	0.002	13	669	8.70858089908092e-11	1.05534811414195e-06	
480	chr14	105986709	105986709	1	*	0.462	0	13	669	1.25522402724493e-11	2.6912502015219e-07	
481	chr14	106038254	106038254	1	*	0.179	0	14	669	6.88494450082176e-06	0.0118092757137372	
482	chr14	106038260	106038260	1	*	0.179	0	14	669	6.88494450082176e-06	0.0118092757137372	
483	chr14	106038279	106038279	1	*	0.179	0.001	14	669	2.72056556966295e-05	0.0390200733361184	
484	chr14	106349417	106349417	1	*	0.458	0.01	12	669	4.90748849164825e-07	0.00119115287177017	
485	chr14	106349456	106349456	1	*	0.458	0.006	12	669	8.01408952199263e-08	0.000252874917475357	
486	chr14	106349609	106349609	1	*	0.455	0.006	11	669	4.73275010396001e-08	0.000172061290632774	
487	chr14	106349771	106349771	1	*	0.5	0.001	11	669	2.3925149496521e-11	4.44569418729515e-07	
488	chr14	106354731	106354731	1	*	0.429	0.002	7	669	2.7191217841917e-06	0.00525702431782055	
489	chr14	106354732	106354732	1	*	0.429	0.002	7	669	2.7191217841917e-06	0.00525702431782055	
490	chr14	106356168	106356168	1	*	0.269	0	13	669	5.43346512969264e-06	0.00953479626768795	
491	chr14	106356172	106356172	1	*	0.292	0	12	669	5.57263948572467e-08	0.000194966720012367	
492	chr14	106421627	106421627	1	*	0.308	0.003	13	669	1.17495558876268e-06	0.00257865899451819	
493	chr14	106421675	106421675	1	*	0.308	0	13	669	8.00215777568871e-08	0.000252874917475357	
494	chr14	106421913	106421913	1	*	0.308	0.002	13	669	3.95858955452211e-07	0.000965036618089592	
495	chr14	106423954	106423954	1	*	0.375	0	4	669	2.65336446614307e-05	0.0382201267727719	
496	chr14	106470022	106470022	1	*	0.3	0	10	669	2.31017223315822e-06	0.00455591844846035	
497	chr14	106627384	106627384	1	*	0.4	0.004	10	669	8.19515110498485e-07	0.00186358041883851	
498	chr14	106627385	106627385	1	*	0.4	0.004	10	669	8.19515110498485e-07	0.00186358041883851	
499	chr14	106627394	106627394	1	*	0.308	0	13	669	8.00215777568871e-08	0.000252874917475357	
500	chr14	106627419	106627419	1	*	0.423	0.005	13	669	5.77433100334662e-08	0.00019951876503673	
501	chr14	106627421	106627421	1	*	0.423	0.005	13	669	5.77433100334662e-08	0.00019951876503673	
502	chr14	106639483	106639483	1	*	0.233	0.001	15	669	3.38207800040367e-05	0.0480545584201621	
503	chr14	106643159	106643159	1	*	0.308	0.002	13	669	3.95858955452211e-07	0.000965036618089592	
504	chr14	106714542	106714542	1	*	0.318	0	11	669	3.16247290814875e-06	0.00592910844216982	
505	chr15	19988270	19988270	1	*	0.318	0	11	669	3.16247290814875e-06	0.00592910844216982	
506	chr15	23440370	23440370	1	*	0.423	0.02	13	669	7.99642235620307e-06	0.0135215621069955	GOLGA6L2
507	chr15	23440678	23440678	1	*	0.333	0.001	15	669	1.44746333401146e-08	6.7428043289621e-05	GOLGA6L2
508	chr15	25668464	25668464	1	*	0.333	0	9	669	1.62429713375755e-06	0.00333299992139456	
509	chr15	28703301	28703301	1	*	0.438	0	8	669	8.06882409559744e-09	4.20370904831666e-05	GOLGA8M
510	chr15	38511819	38511819	1	*	0.269	0	13	669	5.43346512969264e-06	0.00953479626768795	RASGRP1
511	chr15	42054441	42054441	1	*	0.5	0.001	6	669	1.56244936911689e-06	0.00333299992139456	
512	chr15	45697004	45697004	1	*	0.438	0.003	8	669	1.19883525993051e-07	0.000357374927946534	
513	chr15	50719903	50719903	1	*	0.5	0	14	669	2.57293358439663e-13	1.65494155876896e-08	SPPL2A
514	chr15	64951861	64951861	1	*	0.5	0.004	6	669	7.75994461063901e-06	0.0132017814135776	ANKDD1A
515	chr15	74244059	74244059	1	*	0.438	0.001	16	669	6.64347222749279e-12	2.37574490792634e-07	CCDC33
516	chr15	77919069	77919069	1	*	0.233	0.001	15	669	3.38207800040367e-05	0.0480545584201621	
517	chr15	87633085	87633085	1	*	0.417	0	6	669	3.91924589789679e-07	0.000965036618089592	
518	chr15	89261958	89261958	1	*	0.346	0	13	669	8.00215777568871e-08	0.000252874917475357	FANCI
519	chr15	89273511	89273511	1	*	0.375	0.001	8	669	4.32650348005934e-06	0.0079335881813385	FANCI
520	chr15	91621260	91621260	1	*	0.333	0.001	9	669	6.45387394479663e-06	0.0112078323421128	
521	chr15	92788441	92788441	1	*	0.375	0	4	669	2.65336446614307e-05	0.0382201267727719	FAM174B
522	chr16	1444370	1444370	1	*	0.188	0	16	669	1.04995793606019e-05	0.0172824626410255	CCDC154
523	chr16	5512434	5512434	1	*	0.375	0.009	12	669	1.10529399091212e-05	0.0181754130874717	RBFOX1
524	chr16	6966893	6966893	1	*	0.375	0	4	669	2.65336446614307e-05	0.0382201267727719	RBFOX1
525	chr16	8640950	8640950	1	*	0.417	0.007	12	669	1.58893041252711e-07	0.000463743344558487	METTL22
526	chr16	10761664	10761664	1	*	0.25	0	12	669	4.19805507924593e-06	0.00775759293904089	NUBP1, TVP23A
527	chr16	11446324	11446324	1	*	0.5	0	9	669	1.44381967445115e-08	6.7428043289621e-05	
528	chr16	16138344	16138344	1	*	0.312	0	16	669	3.52667153326765e-09	2.09143002316727e-05	
529	chr16	24351661	24351661	1	*	0.5	0.001	6	669	1.56244936911689e-06	0.00333299992139456	MIR3680-1, CACNG3
530	chr16	31191377	31191377	1	*	0.346	0.006	13	669	5.36706404748058e-06	0.00953479626768795	FUS
531	chr16	32441070	32441070	1	*	0.3	0	10	669	2.31017223315822e-06	0.00455591844846035	
532	chr17	21298811	21298811	1	*	0.219	0.001	16	669	9.86586361431624e-07	0.00221168724949938	MAP2K3
533	chr17	21298960	21298960	1	*	0.469	0	16	669	1.11530031798983e-14	9.81670316889798e-10	MAP2K3
534	chr17	21299128	21299128	1	*	0.308	0	13	669	8.00215777568871e-08	0.000252874917475357	MAP2K3
535	chr17	21302040	21302040	1	*	0.367	0	15	669	3.59707587975014e-11	6.20162210781033e-07	MAP2K3
536	chr17	21302458	21302458	1	*	0.5	0	10	669	2.12639127312393e-10	2.45246384275867e-06	MAP2K3
537	chr17	21303060	21303060	1	*	0.5	0	13	669	1.25522402724493e-11	2.6912502015219e-07	MAP2K3
538	chr17	21303073	21303073	1	*	0.5	0.003	13	669	3.4524800701085e-10	3.77369836452681e-06	MAP2K3
539	chr17	21303132	21303132	1	*	0.464	0.003	14	669	5.97362481504794e-10	5.70600819928893e-06	MAP2K3
540	chr17	21303330	21303330	1	*	0.375	0	16	669	5.70490983322709e-11	7.63248933160573e-07	MAP2K3
541	chr17	21303355	21303355	1	*	0.267	0	15	669	1.50985625018021e-07	0.000442208337976378	MAP2K3
542	chr17	21303442	21303442	1	*	0.444	0.005	9	669	4.96384295463383e-07	0.00119960805332729	MAP2K3
543	chr17	21304188	21304188	1	*	0.35	0	10	669	2.39219018226442e-08	9.23921857621268e-05	MAP2K3
544	chr17	21304627	21304627	1	*	0.25	0	12	669	4.19805507924593e-06	0.00775759293904089	MAP2K3
545	chr17	21304677	21304677	1	*	0.385	0.01	13	669	7.84821712927754e-07	0.00181284168016083	MAP2K3
546	chr17	21305005	21305005	1	*	0.406	0	16	669	5.70490983322709e-11	7.63248933160573e-07	MAP2K3
547	chr17	21307140	21307140	1	*	0.375	0	4	669	2.65336446614307e-05	0.0382201267727719	MAP2K3
548	chr17	21318515	21318515	1	*	0.375	0	8	669	1.08767748808653e-06	0.00239339280905132	
549	chr17	21318540	21318540	1	*	0.375	0	8	669	1.08767748808653e-06	0.00239339280905132	
550	chr17	21344921	21344921	1	*	0.278	0	9	669	1.62429713375755e-06	0.00333299992139456	
551	chr17	21345752	21345752	1	*	0.5	0	4	669	2.65336446614307e-05	0.0382201267727719	
552	chr17	21409230	21409230	1	*	0.312	0	16	669	3.52667153326765e-09	2.09143002316727e-05	KCNJ12
553	chr17	21414803	21414803	1	*	0.389	0	9	669	1.44381967445115e-08	6.7428043289621e-05	KCNJ12
554	chr17	21414864	21414864	1	*	0.333	0	9	669	1.62429713375755e-06	0.00333299992139456	KCNJ12
555	chr17	21415183	21415183	1	*	0.5	0	10	669	2.12639127312393e-10	2.45246384275867e-06	KCNJ12
556	chr17	21415197	21415197	1	*	0.455	0	11	669	3.86971941248658e-10	3.81163139788469e-06	KCNJ12
557	chr17	21415639	21415639	1	*	0.4	0	15	669	3.59707587975014e-11	6.20162210781033e-07	KCNJ12
558	chr17	21415657	21415657	1	*	0.4	0	15	669	3.59707587975014e-11	6.20162210781033e-07	KCNJ12
559	chr17	21415775	21415775	1	*	0.385	0	13	669	1.06223333305602e-09	7.46397889398981e-06	KCNJ12
560	chr17	21416533	21416533	1	*	0.385	0	13	669	1.06223333305602e-09	7.46397889398981e-06	KCNJ12
561	chr17	21416596	21416596	1	*	0.346	0	13	669	8.00215777568871e-08	0.000252874917475357	KCNJ12
562	chr17	21424035	21424035	1	*	0.35	0	10	669	2.39219018226442e-08	9.23921857621268e-05	
563	chr17	21445176	21445176	1	*	0.292	0.002	12	669	2.75997934942906e-07	0.00073614899920208	
564	chr17	22049595	22049595	1	*	0.333	0	12	669	5.57263948572467e-08	0.000194966720012367	
565	chr17	22141897	22141897	1	*	0.5	0	3	669	1.33063657653822e-05	0.021193251518193	
566	chr17	22141901	22141901	1	*	0.5	0	3	669	1.33063657653822e-05	0.021193251518193	
567	chr17	22141902	22141902	1	*	0.5	0	3	669	1.33063657653822e-05	0.021193251518193	
568	chr17	65852251	65852251	1	*	0.35	0	10	669	2.39219018226442e-08	9.23921857621268e-05	CEP112
569	chr17	67138225	67138225	1	*	0.3	0	10	669	2.31017223315822e-06	0.00455591844846035	HELZ
570	chr17	68522639	68522639	1	*	0.292	0	12	669	5.57263948572467e-08	0.000194966720012367	PRKAR1A
571	chr17	72859550	72859550	1	*	0.375	0	8	669	1.08767748808653e-06	0.00239339280905132	SLC39A11
572	chr17	73205960	73205960	1	*	0.458	0	12	669	6.58509835831571e-10	5.70600819928893e-06	COG1
573	chr17	73743732	73743732	1	*	0.35	0.001	10	669	1.18758952603972e-07	0.000354654737761079	LOC100134391
574	chr17	78129116	78129116	1	*	0.375	0	4	669	2.65336446614307e-05	0.0382201267727719	TMC6
575	chr17	78876913	78876913	1	*	0.375	0	4	669	2.65336446614307e-05	0.0382201267727719	CEP295NL, TIMP2
576	chr17	80251146	80251146	1	*	0.45	0	10	669	2.39219018226442e-08	9.23921857621268e-05	SLC26A11
577	chr17	80822795	80822795	1	*	0.375	0	8	669	1.08767748808653e-06	0.00239339280905132	RPTOR
578	chr17	82064780	82064780	1	*	0.462	0.02	13	669	3.03061220475083e-07	0.00080067098755565	DUS1L
579	chr18	260108	260108	1	*	0.5	0	11	669	3.43975058887694e-12	1.55472171271863e-07	THOC1
580	chr18	8376731	8376731	1	*	0.318	0.001	11	669	1.25377803330447e-05	0.0203964683635677	PTPRM
581	chr18	8502073	8502073	1	*	0.5	0	3	669	1.33063657653822e-05	0.021193251518193	
582	chr18	15208459	15208459	1	*	0.4	0	10	669	2.39219018226442e-08	9.23921857621268e-05	
583	chr18	25904342	25904342	1	*	0.273	0	11	669	3.16247290814875e-06	0.00592910844216982	
584	chr18	36754976	36754976	1	*	0.333	0	9	669	1.62429713375755e-06	0.00333299992139456	FHOD3
585	chr18	58341595	58341595	1	*	0.269	0	13	669	5.43346512969264e-06	0.00953479626768795	NEDD4L
586	chr18	73486927	73486927	1	*	0.5	0.002	6	669	1.56244936911689e-06	0.00333299992139456	
587	chr18	75477628	75477628	1	*	0.333	0.001	9	669	6.45387394479663e-06	0.0112078323421128	
588	chr18	79728698	79728698	1	*	0.4	0	10	669	2.39219018226442e-08	9.23921857621268e-05	
589	chr19	288329	288329	1	*	0.35	0	10	669	2.39219018226442e-08	9.23921857621268e-05	PLPP2
590	chr19	2852147	2852147	1	*	0.5	0	6	669	3.91924589789679e-07	0.000965036618089592	ZNF555
591	chr19	4511266	4511266	1	*	0.344	0	16	669	5.70490983322709e-11	7.63248933160573e-07	PLIN4
592	chr19	7699659	7699659	1	*	0.375	0.001	16	669	3.94302530888582e-10	3.81163139788469e-06	FCER2
593	chr19	8316711	8316711	1	*	0.269	0	13	669	5.43346512969264e-06	0.00953479626768795	ELAVL1, NDUFA7
594	chr19	8554418	8554418	1	*	0.281	0	16	669	2.00138609512939e-07	0.000546898698950283	MYO1F
595	chr19	8729090	8729090	1	*	0.385	0	13	669	1.06223333305602e-09	7.46397889398981e-06	
596	chr19	8891828	8891828	1	*	0.344	0	16	669	5.70490983322709e-11	7.63248933160573e-07	MUC16
597	chr19	8898754	8898754	1	*	0.269	0	13	669	5.43346512969264e-06	0.00953479626768795	MUC16
598	chr19	8898768	8898768	1	*	0.385	0	13	669	1.06223333305602e-09	7.46397889398981e-06	MUC16
599	chr19	8898875	8898875	1	*	0.219	0	16	669	2.00138609512939e-07	0.000546898698950283	MUC16
600	chr19	9298135	9298135	1	*	0.45	0	10	669	2.39219018226442e-08	9.23921857621268e-05	ZNF699
601	chr19	11119974	11119974	1	*	0.308	0	13	669	8.00215777568871e-08	0.000252874917475357	LDLR
602	chr19	13757311	13757311	1	*	0.269	0	13	669	5.43346512969264e-06	0.00953479626768795	CCDC130
603	chr19	16921682	16921682	1	*	0.5	0	12	669	6.81888883257547e-12	2.37574490792634e-07	CPAMD8
604	chr19	17039568	17039568	1	*	0.5	0	3	669	1.33063657653822e-05	0.021193251518193	
605	chr19	18446225	18446225	1	*	0.269	0	13	669	5.43346512969264e-06	0.00953479626768795	ELL
606	chr19	20408798	20408798	1	*	0.385	0.002	13	669	6.31063879697388e-09	3.44888990286211e-05	
607	chr19	20408803	20408803	1	*	0.385	0.02	13	669	7.99642235620307e-06	0.0135215621069955	
608	chr19	20408912	20408912	1	*	0.385	0.002	13	669	6.31063879697388e-09	3.44888990286211e-05	
609	chr19	36497778	36497778	1	*	0.269	0	13	669	5.43346512969264e-06	0.00953479626768795	
610	chr19	36497787	36497787	1	*	0.269	0	13	669	5.43346512969264e-06	0.00953479626768795	
611	chr19	38182486	38182486	1	*	0.281	0	16	669	2.00138609512939e-07	0.000546898698950283	SIPA1L3
612	chr19	39100213	39100213	1	*	0.188	0	16	669	1.04995793606019e-05	0.0172824626410255	ACP7
613	chr19	39886260	39886260	1	*	0.5	0.005	13	669	1.02653064233969e-09	7.46397889398981e-06	FCGBP
614	chr19	39890173	39890173	1	*	0.433	0.001	15	669	2.48930383890673e-10	2.75694686377451e-06	FCGBP
615	chr19	39891610	39891610	1	*	0.5	0.005	10	669	1.16880729107282e-08	5.97754141294474e-05	FCGBP
616	chr19	39891613	39891613	1	*	0.5	0.005	10	669	1.16880729107282e-08	5.97754141294474e-05	FCGBP
617	chr19	40152169	40152169	1	*	0.5	0	3	669	1.33063657653822e-05	0.021193251518193	
618	chr19	40589180	40589180	1	*	0.25	0	16	669	2.00138609512939e-07	0.000546898698950283	SHKBP1
619	chr19	40686705	40686705	1	*	0.364	0	11	669	3.73704331834417e-08	0.000137053687071846	NUMBL
620	chr19	40825517	40825517	1	*	0.438	0.01	8	669	2.57507168333533e-06	0.00503086881389897	CYP2G1P
621	chr19	45277823	45277823	1	*	0.308	0	13	669	8.00215777568871e-08	0.000252874917475357	MARK4
622	chr19	46402198	46402198	1	*	0.5	0	6	669	3.91924589789679e-07	0.000965036618089592	
623	chr19	47457745	47457745	1	*	0.438	0	8	669	8.06882409559744e-09	4.20370904831666e-05	SLC8A2
624	chr19	48206713	48206713	1	*	0.444	0	9	669	1.44381967445115e-08	6.7428043289621e-05	ZNF114, CARD8
625	chr19	50496495	50496495	1	*	0.5	0	6	669	3.91924589789679e-07	0.000965036618089592	
626	chr19	50818663	50818663	1	*	0.458	0	12	669	6.58509835831571e-10	5.70600819928893e-06	LINC01869
627	chr19	51589884	51589884	1	*	0.333	0	9	669	1.62429713375755e-06	0.00333299992139456	ZNF175
628	chr19	53892752	53892752	1	*	0.318	0.003	11	669	3.10664944153834e-05	0.0444051991470606	PRKCG
629	chr19	53892758	53892758	1	*	0.292	0.002	12	669	2.75997934942906e-07	0.00073614899920208	PRKCG
630	chr19	54076335	54076335	1	*	0.3	0	10	669	2.31017223315822e-06	0.00455591844846035	
631	chr19	54220765	54220765	1	*	0.433	0	15	669	3.59707587975014e-11	6.20162210781033e-07	
632	chr19	54221108	54221108	1	*	0.5	0.001	12	669	4.73685477569574e-11	7.63248933160573e-07	
633	chr19	54240916	54240916	1	*	0.219	0	16	669	2.00138609512939e-07	0.000546898698950283	
634	chr19	54250974	54250974	1	*	0.5	0.004	8	669	2.78395399875866e-07	0.000740182552269959	
635	chr19	54336877	54336877	1	*	0.25	0	16	669	2.00138609512939e-07	0.000546898698950283	
636	chr19	54336900	54336900	1	*	0.281	0.002	16	669	9.86586361431624e-07	0.00221168724949938	
637	chr19	54574782	54574782	1	*	0.438	0.03	16	669	5.89153746803382e-07	0.00139754873421331	
638	chr19	54576123	54576123	1	*	0.312	0	16	669	3.52667153326765e-09	2.09143002316727e-05	
639	chr19	54576667	54576667	1	*	0.3	0	10	669	2.31017223315822e-06	0.00455591844846035	
640	chr19	54576691	54576691	1	*	0.5	0.006	7	669	2.800440676492e-07	0.000743384089805092	
641	chr19	54595536	54595536	1	*	0.25	0.002	14	669	5.50309444691213e-07	0.00131148374731827	
642	chr19	54595932	54595932	1	*	0.357	0.001	14	669	9.73273235470658e-09	5.00816759573105e-05	
643	chr19	54630991	54630991	1	*	0.406	0.001	16	669	3.94302530888582e-10	3.81163139788469e-06	
644	chr19	54631055	54631055	1	*	0.406	0	16	669	5.70490983322709e-11	7.63248933160573e-07	
645	chr19	54631583	54631583	1	*	0.438	0.001	16	669	6.64347222749279e-12	2.37574490792634e-07	
646	chr19	54631587	54631587	1	*	0.438	0.001	16	669	6.64347222749279e-12	2.37574490792634e-07	
647	chr19	54631686	54631686	1	*	0.406	0.001	16	669	3.94302530888582e-10	3.81163139788469e-06	
648	chr19	54631736	54631736	1	*	0.5	0	16	669	1.11530031798983e-14	9.81670316889798e-10	
649	chr19	54631749	54631749	1	*	0.5	0	16	669	1.11530031798983e-14	9.81670316889798e-10	
650	chr19	54631806	54631806	1	*	0.5	0	16	669	1.11530031798983e-14	9.81670316889798e-10	
651	chr19	54631944	54631944	1	*	0.438	0	16	669	8.40192906219008e-13	4.13263954973019e-08	
652	chr19	54631999	54631999	1	*	0.312	0	16	669	3.52667153326765e-09	2.09143002316727e-05	
653	chr19	54632003	54632003	1	*	0.312	0	16	669	3.52667153326765e-09	2.09143002316727e-05	
654	chr19	54698474	54698474	1	*	0.312	0	16	669	3.52667153326765e-09	2.09143002316727e-05	
655	chr19	54698479	54698479	1	*	0.312	0	16	669	3.52667153326765e-09	2.09143002316727e-05	
656	chr19	54698506	54698506	1	*	0.312	0.002	16	669	2.08747837079445e-08	9.23921857621268e-05	
657	chr19	54735926	54735926	1	*	0.5	0.02	14	669	1.77047313021574e-08	8.20180750634191e-05	
658	chr19	54736240	54736240	1	*	0.417	0.001	12	669	3.91696457082656e-09	2.28241798501267e-05	
659	chr19	54738596	54738596	1	*	0.467	0.02	15	669	3.23063060405382e-08	0.000124201110834943	
660	chr19	54739620	54739620	1	*	0.423	0.004	13	669	5.77433100334662e-08	0.00019951876503673	
661	chr19	54739682	54739682	1	*	0.409	0	11	669	3.73704331834417e-08	0.000137053687071846	
662	chr19	54742075	54742075	1	*	0.5	0.03	15	669	1.4544417031099e-08	6.7564917684376e-05	
663	chr19	54744042	54744042	1	*	0.393	0.008	14	669	9.55905229440238e-09	4.96462442968823e-05	
664	chr19	54749126	54749126	1	*	0.5	0	3	669	1.33063657653822e-05	0.021193251518193	
665	chr19	54760479	54760479	1	*	0.364	0	11	669	3.73704331834417e-08	0.000137053687071846	
666	chr19	54763754	54763754	1	*	0.45	0	10	669	2.39219018226442e-08	9.23921857621268e-05	
667	chr19	54763819	54763819	1	*	0.308	0.004	13	669	2.71240367875703e-06	0.00525702431782055	
668	chr19	54773524	54773524	1	*	0.219	0.002	16	669	9.86586361431624e-07	0.00221168724949938	
669	chr19	54775344	54775344	1	*	0.233	0	15	669	8.56843421977268e-06	0.0143725471774033	
670	chr19	54775402	54775402	1	*	0.3	0	15	669	1.50985625018021e-07	0.000442208337976378	
671	chr19	54778462	54778462	1	*	0.45	0.001	10	669	1.18758952603972e-07	0.000354654737761079	
672	chr19	54778519	54778519	1	*	0.409	0	11	669	3.73704331834417e-08	0.000137053687071846	
673	chr19	54783479	54783479	1	*	0.406	0	16	669	5.70490983322709e-11	7.63248933160573e-07	
674	chr19	54783939	54783939	1	*	0.458	0.006	12	669	8.01408952199263e-08	0.000252874917475357	
675	chr19	54786332	54786332	1	*	0.429	0	14	669	2.17734504579565e-11	4.23405251707141e-07	
676	chr19	54817365	54817365	1	*	0.393	0	14	669	2.17734504579565e-11	4.23405251707141e-07	
677	chr19	55140808	55140808	1	*	0.231	0.001	13	669	2.14937957854999e-05	0.0335936176408193	TNNT1
678	chr19	55539924	55539924	1	*	0.375	0	4	669	2.65336446614307e-05	0.0382201267727719	
679	chr19	55992855	55992855	1	*	0.5	0	4	669	2.65336446614307e-05	0.0382201267727719	
680	chr19	56957983	56957983	1	*	0.4	0.01	10	669	7.50849663687056e-06	0.0128131039379256	
681	chr19	57738642	57738642	1	*	0.278	0	9	669	1.62429713375755e-06	0.00333299992139456	ZNF776, ZNF551
682	chr20	6209225	6209225	1	*	0.35	0	10	669	2.39219018226442e-08	9.23921857621268e-05	
683	chr20	6645270	6645270	1	*	0.45	0	10	669	2.39219018226442e-08	9.23921857621268e-05	
684	chr20	15507389	15507389	1	*	0.444	0	9	669	1.44381967445115e-08	6.7428043289621e-05	MACROD2
685	chr20	19696983	19696983	1	*	0.35	0.004	10	669	8.19515110498485e-07	0.00186358041883851	SLC24A3
686	chr20	24978749	24978749	1	*	0.375	0.01	12	669	1.72038899396912e-05	0.0271680288428069	APMAP
687	chr20	26081241	26081241	1	*	0.385	0.02	13	669	7.99642235620307e-06	0.0135215621069955	FAM182A
688	chr20	26081244	26081244	1	*	0.385	0.02	13	669	7.99642235620307e-06	0.0135215621069955	FAM182A
689	chr20	26081248	26081248	1	*	0.385	0.02	13	669	7.99642235620307e-06	0.0135215621069955	FAM182A
690	chr20	30389344	30389344	1	*	0.5	0	3	669	1.33063657653822e-05	0.021193251518193	
691	chr20	30391022	30391022	1	*	0.35	0	10	669	2.39219018226442e-08	9.23921857621268e-05	
692	chr20	30399171	30399171	1	*	0.273	0.001	11	669	1.25377803330447e-05	0.0203964683635677	
693	chr20	30417360	30417360	1	*	0.5	0.001	10	669	1.26794755588799e-09	8.69038263539689e-06	
694	chr20	30417496	30417496	1	*	0.385	0	13	669	1.06223333305602e-09	7.46397889398981e-06	
695	chr20	30417497	30417497	1	*	0.385	0	13	669	1.06223333305602e-09	7.46397889398981e-06	
696	chr20	30417560	30417560	1	*	0.385	0	13	669	1.06223333305602e-09	7.46397889398981e-06	
697	chr20	30418771	30418771	1	*	0.417	0	6	669	3.91924589789679e-07	0.000965036618089592	
698	chr20	31689273	31689273	1	*	0.375	0	4	669	2.65336446614307e-05	0.0382201267727719	BCL2L1
699	chr20	32728447	32728447	1	*	0.278	0	9	669	1.62429713375755e-06	0.00333299992139456	COMMD7
700	chr20	35617467	35617467	1	*	0.219	0	16	669	2.00138609512939e-07	0.000546898698950283	SPAG4
701	chr20	41917984	41917984	1	*	0.375	0	8	669	1.08767748808653e-06	0.00239339280905132	
702	chr20	45419425	45419425	1	*	0.469	0	16	669	1.11530031798983e-14	9.81670316889798e-10	PIGT
703	chr20	56716063	56716063	1	*	0.429	0.003	7	669	6.76747523695355e-06	0.0117159357970958	
704	chr20	57661926	57661926	1	*	0.5	0.001	6	669	1.56244936911689e-06	0.00333299992139456	PMEPA1
705	chr20	58173224	58173224	1	*	0.5	0	4	669	2.65336446614307e-05	0.0382201267727719	
706	chr20	58899665	58899665	1	*	0.4	0.001	10	669	1.18758952603972e-07	0.000354654737761079	GNAS
707	chr21	9072208	9072208	1	*	0.308	0	13	669	8.00215777568871e-08	0.000252874917475357	SMIM11B, U2AF1L5, CRYAA2, CRYAA, U2AF1, CBS
708	chr21	9072238	9072238	1	*	0.167	0	15	669	8.56843421977268e-06	0.0143725471774033	SMIM11B, U2AF1L5, CRYAA2, CRYAA, U2AF1, CBS
709	chr21	9072604	9072604	1	*	0.333	0	12	669	5.57263948572467e-08	0.000194966720012367	SMIM11B, U2AF1L5, CRYAA2, CRYAA, U2AF1, CBS
710	chr21	9073480	9073480	1	*	0.321	0.004	14	669	3.76183017883808e-06	0.00701348992353405	SMIM11B, U2AF1L5, CRYAA2, CRYAA, U2AF1, CBS
711	chr21	9073561	9073561	1	*	0.267	0.004	15	669	5.08184245911015e-06	0.00926785639949325	SMIM11B, U2AF1L5, CRYAA2, CRYAA, U2AF1, CBS
712	chr21	9073574	9073574	1	*	0.3	0.003	15	669	2.20652613432188e-06	0.00449462385780674	SMIM11B, U2AF1L5, CRYAA2, CRYAA, U2AF1, CBS
713	chr21	9073701	9073701	1	*	0.346	0.003	13	669	1.17495558876268e-06	0.00257865899451819	SMIM11B, U2AF1L5, CRYAA2, CRYAA, U2AF1, CBS
714	chr21	9078366	9078366	1	*	0.273	0.003	11	669	3.10664944153834e-05	0.0444051991470606	SMIM11B, U2AF1L5, CRYAA2, CRYAA, U2AF1, CBS
715	chr21	9087978	9087978	1	*	0.278	0	9	669	1.62429713375755e-06	0.00333299992139456	SMIM11B, U2AF1L5, CRYAA2, CRYAA, U2AF1, CBS
716	chr21	9088063	9088063	1	*	0.3	0	10	669	2.31017223315822e-06	0.00455591844846035	SMIM11B, U2AF1L5, CRYAA2, CRYAA, U2AF1, CBS
717	chr21	9088263	9088263	1	*	0.423	0	13	669	1.06223333305602e-09	7.46397889398981e-06	SMIM11B, U2AF1L5, CRYAA2, CRYAA, U2AF1, CBS
718	chr21	9188854	9188854	1	*	0.417	0	6	669	3.91924589789679e-07	0.000965036618089592	SMIM11B, U2AF1L5, CRYAA2, CRYAA, U2AF1, CBS
719	chr21	9372925	9372925	1	*	0.389	0.02	9	669	3.17894516334652e-05	0.0453997619373844	SMIM11B, U2AF1L5, CRYAA2, CRYAA, U2AF1, CBS
720	chr21	13405435	13405435	1	*	0.35	0	10	669	2.39219018226442e-08	9.23921857621268e-05	SMIM11B, U2AF1L5, CRYAA2, CRYAA, U2AF1, CBS
721	chr21	32064696	32064696	1	*	0.45	0	10	669	2.39219018226442e-08	9.23921857621268e-05	SMIM11B, U2AF1L5, CRYAA2, CRYAA, U2AF1, CBS
722	chr21	35467980	35467980	1	*	0.292	0.001	12	669	2.75997934942906e-07	0.00073614899920208	LOC100506403, LOC101928269, U2AF1L5, CRYAA2, CRYAA, U2AF1, CBS
723	chr21	42122576	42122576	1	*	0.333	0	9	669	1.62429713375755e-06	0.00333299992139456	U2AF1L5, CRYAA2, CRYAA, U2AF1, CBS, UMODL1
724	chr21	43281863	43281863	1	*	0.417	0	6	669	3.91924589789679e-07	0.000965036618089592	
725	chr21	45495607	45495607	1	*	0.364	0.001	11	669	1.85304278152214e-07	0.000536148434034832	SLC19A1, COL18A1
726	chr21	45511090	45511090	1	*	0.438	0.001	16	669	6.64347222749279e-12	2.37574490792634e-07	SLC19A1, COL18A1
727	chr22	16557972	16557972	1	*	0.375	0	4	669	2.65336446614307e-05	0.0382201267727719	
728	chr22	22376431	22376431	1	*	0.269	0	13	669	5.43346512969264e-06	0.00953479626768795	
729	chr22	22376666	22376666	1	*	0.269	0	13	669	5.43346512969264e-06	0.00953479626768795	
730	chr22	22698282	22698282	1	*	0.5	0.02	12	669	1.67385284446466e-07	0.000486829474485795	
731	chr22	22899573	22899573	1	*	0.5	0.002	13	669	8.70858089908092e-11	1.05534811414195e-06	
732	chr22	23787366	23787366	1	*	0.423	0.004	13	669	5.77433100334662e-08	0.00019951876503673	
733	chr22	23949886	23949886	1	*	0.35	0.001	10	669	1.18758952603972e-07	0.000354654737761079	
734	chr22	23950064	23950064	1	*	0.278	0	9	669	1.62429713375755e-06	0.00333299992139456	
735	chr22	23998812	23998812	1	*	0.318	0	11	669	3.16247290814875e-06	0.00592910844216982	
736	chr22	25017964	25017964	1	*	0.409	0	11	669	3.73704331834417e-08	0.000137053687071846	KIAA1671
737	chr22	25018080	25018080	1	*	0.455	0	11	669	3.86971941248658e-10	3.81163139788469e-06	KIAA1671
738	chr22	31291469	31291469	1	*	0.333	0.001	9	669	6.45387394479663e-06	0.0112078323421128	PIK3IP1
739	chr22	36348845	36348845	1	*	0.292	0.001	12	669	2.75997934942906e-07	0.00073614899920208	MYH9
740	chr22	37704381	37704381	1	*	0.375	0.003	12	669	8.20159875687069e-07	0.00186358041883851	TRIOBP
741	chr22	42141108	42141108	1	*	0.364	0	11	669	3.73704331834417e-08	0.000137053687071846	
742	chr22	42144154	42144154	1	*	0.188	0	16	669	1.04995793606019e-05	0.0172824626410255	
743	chr22	42144210	42144210	1	*	0.312	0	16	669	3.52667153326765e-09	2.09143002316727e-05	
744	chr22	43284755	43284755	1	*	0.308	0	13	669	8.00215777568871e-08	0.000252874917475357	SCUBE1
745	chr22	44860022	44860022	1	*	0.5	0	8	669	8.06882409559744e-09	4.20370904831666e-05	ARHGAP8, PRR5-ARHGAP8
746	chr22	50064883	50064883	1	*	0.5	0	4	669	2.65336446614307e-05	0.0382201267727719	MLC1
747	chr22	50606376	50606376	1	*	0.45	0.001	10	669	1.18758952603972e-07	0.000354654737761079	MAPK8IP2
748	chr22	50606381	50606381	1	*	0.4	0.001	10	669	1.18758952603972e-07	0.000354654737761079	MAPK8IP2
749	chrX	2838452	2838452	1	*	0.5	0.02	8	669	1.80430100624406e-05	0.0284394400762796	GYG2
750	chrX	22226318	22226318	1	*	0.409	0	11	669	3.73704331834417e-08	0.000137053687071846	PHEX
751	chrX	55145994	55145994	1	*	0.438	0	16	669	8.40192906219008e-13	4.13263954973019e-08	FAM104B
752	chrX	138711398	138711398	1	*	0.429	0	7	669	6.82824239089931e-07	0.0015904203329614	FGF13
