seqnames	start	end	width	strand	MAF	EUR_AF	N_ob	N_eur	pvalue	Padj.fdr	GENES
1	chr1	3872630	3872630	1	*	0.5	0	15	669	5.64239821139616e-15	9.81670316889798e-10	DFFB
2	chr1	10451273	10451273	1	*	0.4	0	10	669	2.39219018226442e-08	9.23921857621268e-05	CENPS-CORT, CORT
3	chr1	13225068	13225068	1	*	0.5	0.07	15	669	4.39269893391707e-06	0.00804614945765076	PRAMEF18
4	chr1	15192430	15192430	1	*	0.455	0.002	11	669	2.30463289454755e-09	1.49967125518657e-05	TMEM51
5	chr1	16564265	16564265	1	*	0.5	0.001	11	669	2.3925149496521e-11	4.44569418729515e-07	NBPF1
6	chr1	16871276	16871276	1	*	0.5	0.007	10	669	5.19455566176396e-08	0.000188440788622703	CROCC
7	chr1	16871536	16871536	1	*	0.3	0	10	669	2.31017223315822e-06	0.00455591844846035	CROCC
8	chr1	16871570	16871570	1	*	0.35	0	10	669	2.39219018226442e-08	9.23921857621268e-05	CROCC
9	chr1	16875358	16875358	1	*	0.417	0	6	669	3.91924589789679e-07	0.000965036618089592	CROCC
10	chr1	16877558	16877558	1	*	0.429	0	7	669	6.82824239089931e-07	0.0015904203329614	CROCC
11	chr1	20997361	20997361	1	*	0.35	0.005	10	669	8.19515110498485e-07	0.00186358041883851	EIF4G3
12	chr1	22010317	22010317	1	*	0.458	0	12	669	6.58509835831571e-10	5.70600819928893e-06	CELA3A
13	chr1	23967872	23967872	1	*	0.344	0.02	16	669	1.31087845432432e-06	0.00286194372580644	SRSF10
14	chr1	25454438	25454438	1	*	0.385	0.007	13	669	2.54735095808738e-07	0.00069495349463432	MACO1
15	chr1	26282320	26282320	1	*	0.25	0	12	669	4.19805507924593e-06	0.00775759293904089	UBXN11
16	chr1	29306979	29306979	1	*	0.409	0	11	669	3.73704331834417e-08	0.000137053687071846	PTPRU
17	chr1	46345278	46345278	1	*	0.318	0	11	669	3.16247290814875e-06	0.00592910844216982	NSUN4
18	chr1	53902997	53902997	1	*	0.389	0.001	9	669	7.17625505847383e-08	0.000243432400066811	DIO1
19	chr1	54601140	54601140	1	*	0.389	0.001	9	669	7.17625505847383e-08	0.000243432400066811	ACOT11
20	chr1	54663701	54663701	1	*	0.409	0.007	11	669	4.5165117884001e-06	0.00826388731492637	MROH7-TTC4, MROH7
21	chr1	54815459	54815459	1	*	0.444	0.004	9	669	4.96384295463383e-07	0.00119960805332729	LEXM
22	chr1	58668914	58668914	1	*	0.3	0.001	15	669	7.45158467000705e-07	0.001725992392586	MYSM1
23	chr1	67042397	67042397	1	*	0.5	0	12	669	6.81888883257547e-12	2.37574490792634e-07	SLC35D1
24	chr1	68161919	68161919	1	*	0.458	0	12	669	6.58509835831571e-10	5.70600819928893e-06	GNG12-AS1, WLS
25	chr1	68162007	68162007	1	*	0.417	0	12	669	6.58509835831571e-10	5.70600819928893e-06	GNG12-AS1, WLS
26	chr1	69898662	69898662	1	*	0.375	0.002	12	669	2.75997934942906e-07	0.00073614899920208	LRRC7
27	chr1	70035942	70035942	1	*	0.35	0	10	669	2.39219018226442e-08	9.23921857621268e-05	LRRC7
28	chr1	74060215	74060215	1	*	0.444	0.001	9	669	7.17625505847383e-08	0.000243432400066811	LRRIQ3
29	chr1	78071474	78071474	1	*	0.292	0.001	12	669	2.75997934942906e-07	0.00073614899920208	GIPC2
30	chr1	85108022	85108022	1	*	0.469	0.04	16	669	1.96486454028559e-07	0.000546898698950283	WDR63
31	chr1	111414879	111414879	1	*	0.281	0	16	669	2.00138609512939e-07	0.000546898698950283	OVGP1
32	chr1	111414925	111414925	1	*	0.25	0	16	669	2.00138609512939e-07	0.000546898698950283	OVGP1
33	chr1	111594478	111594478	1	*	0.444	0	9	669	1.44381967445115e-08	6.7428043289621e-05	RAP1A
34	chr1	117082236	117082236	1	*	0.389	0	9	669	1.44381967445115e-08	6.7428043289621e-05	TTF2
35	chr1	150555614	150555614	1	*	0.467	0.04	15	669	1.93190353128751e-06	0.00394002536884414	ADAMTSL4
36	chr1	152798113	152798113	1	*	0.269	0	13	669	5.43346512969264e-06	0.00953479626768795	LCE1D
37	chr1	162376643	162376643	1	*	0.312	0	16	669	3.52667153326765e-09	2.09143002316727e-05	SPATA46, C1orf226, NOS1AP
38	chr1	179366794	179366794	1	*	0.4	0	10	669	2.39219018226442e-08	9.23921857621268e-05	AXDND1
39	chr1	200669917	200669917	1	*	0.375	0.001	8	669	4.32650348005934e-06	0.0079335881813385	LOC101929224, DDX59
40	chr1	200899365	200899365	1	*	0.269	0	13	669	5.43346512969264e-06	0.00953479626768795	INAVA
41	chr1	204140282	204140282	1	*	0.292	0.003	12	669	8.20159875687069e-07	0.00186358041883851	ETNK2
42	chr1	211364688	211364688	1	*	0.429	0	7	669	6.82824239089931e-07	0.0015904203329614	TRAF5
43	chr1	214393670	214393670	1	*	0.344	0	16	669	5.70490983322709e-11	7.63248933160573e-07	PTPN14
44	chr1	236173416	236173416	1	*	0.409	0	11	669	3.73704331834417e-08	0.000137053687071846	GPR137B
45	chr1	237631689	237631689	1	*	0.278	0	9	669	1.62429713375755e-06	0.00333299992139456	RYR2
46	chr1	237709414	237709414	1	*	0.231	0	13	669	5.43346512969264e-06	0.00953479626768795	RYR2
47	chr1	246776308	246776308	1	*	0.462	0	13	669	1.25522402724493e-11	2.6912502015219e-07	LINC01341
48	chr2	11614839	11614839	1	*	0.364	0	11	669	3.73704331834417e-08	0.000137053687071846	GREB1
49	chr2	19098835	19098835	1	*	0.444	0	9	669	1.44381967445115e-08	6.7428043289621e-05	LINC01376
50	chr2	21029493	21029493	1	*	0.5	0.001	13	669	8.70858089908092e-11	1.05534811414195e-06	APOB
51	chr2	27444653	27444653	1	*	0.458	0	12	669	6.58509835831571e-10	5.70600819928893e-06	KRTCAP3, IFT172
52	chr2	38858431	38858431	1	*	0.4	0.001	10	669	1.18758952603972e-07	0.000354654737761079	DHX57
53	chr2	44318095	44318095	1	*	0.333	0.001	12	669	2.75997934942906e-07	0.00073614899920208	SLC3A1, PREPL
54	chr2	46356139	46356139	1	*	0.5	0.001	16	669	9.9322682675934e-14	6.92093282065754e-09	EPAS1
55	chr2	61138960	61138960	1	*	0.333	0	9	669	1.62429713375755e-06	0.00333299992139456	C2orf74
56	chr2	62903785	62903785	1	*	0.5	0	12	669	6.81888883257547e-12	2.37574490792634e-07	EHBP1
57	chr2	68384154	68384154	1	*	0.333	0	9	669	1.62429713375755e-06	0.00333299992139456	PLEK
58	chr2	70674656	70674656	1	*	0.219	0	16	669	2.00138609512939e-07	0.000546898698950283	ADD2
59	chr2	70809057	70809057	1	*	0.286	0	14	669	1.11374102219176e-07	0.000341755213248331	CLEC4F
60	chr2	72636365	72636365	1	*	0.444	0	9	669	1.44381967445115e-08	6.7428043289621e-05	EXOC6B
61	chr2	73901539	73901539	1	*	0.45	0	10	669	2.39219018226442e-08	9.23921857621268e-05	ACTG2
62	chr2	95936994	95936994	1	*	0.389	0	9	669	1.44381967445115e-08	6.7428043289621e-05	ANKRD36C
63	chr2	95948772	95948772	1	*	0.3	0	10	669	2.31017223315822e-06	0.00455591844846035	ANKRD36C
64	chr2	95950694	95950694	1	*	0.385	0	13	669	1.06223333305602e-09	7.46397889398981e-06	ANKRD36C
65	chr2	95950700	95950700	1	*	0.385	0	13	669	1.06223333305602e-09	7.46397889398981e-06	ANKRD36C
66	chr2	95951363	95951363	1	*	0.462	0	13	669	1.25522402724493e-11	2.6912502015219e-07	ANKRD36C
67	chr2	95951461	95951461	1	*	0.423	0	13	669	1.06223333305602e-09	7.46397889398981e-06	ANKRD36C
68	chr2	97142986	97142986	1	*	0.364	0	11	669	3.73704331834417e-08	0.000137053687071846	ANKRD36
69	chr2	97179872	97179872	1	*	0.45	0.001	10	669	1.18758952603972e-07	0.000354654737761079	ANKRD36
70	chr2	98544045	98544045	1	*	0.344	0	16	669	5.70490983322709e-11	7.63248933160573e-07	INPP4A
71	chr2	106069124	106069124	1	*	0.417	0	6	669	3.91924589789679e-07	0.000965036618089592	C2orf40
72	chr2	151411207	151411207	1	*	0.231	0	13	669	5.43346512969264e-06	0.00953479626768795	RIF1
73	chr2	152045618	152045618	1	*	0.417	0	6	669	3.91924589789679e-07	0.000965036618089592	CACNB4
74	chr2	158806847	158806847	1	*	0.389	0.01	9	669	4.56959120905752e-06	0.0083427515590159	DAPL1
75	chr2	159852412	159852412	1	*	0.4	0.003	10	669	3.53740962700138e-07	0.000930155743258709	LY75-CD302, LY75
76	chr2	169243385	169243385	1	*	0.438	0.007	16	669	6.27591936587628e-10	5.70600819928893e-06	LRP2
77	chr2	173258576	173258576	1	*	0.389	0.001	9	669	7.17625505847383e-08	0.000243432400066811	MAP3K20-AS1, MAP3K20
78	chr2	178121403	178121403	1	*	0.25	0.005	14	669	3.76183017883808e-06	0.00701348992353405	RBM45
79	chr2	196764807	196764807	1	*	0.25	0	12	669	4.19805507924593e-06	0.00775759293904089	GTF3C3
80	chr2	210141164	210141164	1	*	0.375	0	8	669	1.08767748808653e-06	0.00239339280905132	KANSL1L
81	chr2	210591913	210591913	1	*	0.438	0	16	669	8.40192906219008e-13	4.13263954973019e-08	CPS1
82	chr2	215379458	215379458	1	*	0.278	0	9	669	1.62429713375755e-06	0.00333299992139456	FN1
83	chr2	216307538	216307538	1	*	0.429	0.001	7	669	2.7191217841917e-06	0.00525702431782055	MARCH4
84	chr2	219281887	219281887	1	*	0.25	0.001	14	669	5.50309444691213e-07	0.00131148374731827	DNAJB2
85	chr2	219465935	219465935	1	*	0.5	0.002	12	669	4.73685477569574e-11	7.63248933160573e-07	SPEG
86	chr2	241037198	241037198	1	*	0.25	0	16	669	2.00138609512939e-07	0.000546898698950283	SNED1
87	chr3	10049178	10049178	1	*	0.3	0	10	669	2.31017223315822e-06	0.00455591844846035	FANCD2
88	chr3	10305312	10305312	1	*	0.321	0	14	669	1.11374102219176e-07	0.000341755213248331	SEC13
89	chr3	11725328	11725328	1	*	0.273	0	11	669	3.16247290814875e-06	0.00592910844216982	VGLL4
90	chr3	28719737	28719737	1	*	0.462	0.001	13	669	8.70858089908092e-11	1.05534811414195e-06	LINC00693
91	chr3	30800806	30800806	1	*	0.286	0.002	14	669	5.50309444691213e-07	0.00131148374731827	GADL1
92	chr3	35747947	35747947	1	*	0.3	0	10	669	2.31017223315822e-06	0.00455591844846035	ARPP21
93	chr3	36892852	36892852	1	*	0.375	0.001	12	669	2.75997934942906e-07	0.00073614899920208	TRANK1
94	chr3	37519086	37519086	1	*	0.273	0	11	669	3.16247290814875e-06	0.00592910844216982	ITGA9
95	chr3	48241161	48241161	1	*	0.312	0	16	669	3.52667153326765e-09	2.09143002316727e-05	ZNF589
96	chr3	52444714	52444714	1	*	0.3	0	10	669	2.31017223315822e-06	0.00455591844846035	SEMA3G
97	chr3	53189275	53189275	1	*	0.3	0.002	15	669	7.45158467000705e-07	0.001725992392586	PRKCD
98	chr3	53227267	53227267	1	*	0.389	0	9	669	1.44381967445115e-08	6.7428043289621e-05	TKT
99	chr3	57649922	57649922	1	*	0.5	0.001	7	669	2.02194823504661e-08	9.23921857621268e-05	DENND6A
100	chr3	75630807	75630807	1	*	0.5	0	10	669	2.12639127312393e-10	2.45246384275867e-06	MIR1324
101	chr3	75713824	75713824	1	*	0.333	0	9	669	1.62429713375755e-06	0.00333299992139456	ZNF717
102	chr3	75737234	75737234	1	*	0.375	0	16	669	5.70490983322709e-11	7.63248933160573e-07	ZNF717
103	chr3	75737298	75737298	1	*	0.286	0	14	669	1.11374102219176e-07	0.000341755213248331	ZNF717
104	chr3	75737477	75737477	1	*	0.312	0.001	16	669	2.08747837079445e-08	9.23921857621268e-05	ZNF717
105	chr3	75737791	75737791	1	*	0.281	0	16	669	2.00138609512939e-07	0.000546898698950283	ZNF717
106	chr3	81499058	81499058	1	*	0.219	0	16	669	2.00138609512939e-07	0.000546898698950283	GBE1
107	chr3	100311784	100311784	1	*	0.267	0.001	15	669	7.45158467000705e-07	0.001725992392586	TBC1D23
108	chr3	128464800	128464800	1	*	0.375	0	12	669	5.57263948572467e-08	0.000194966720012367	DNAJB8, DNAJB8-AS1
109	chr3	130082045	130082045	1	*	0.35	0	10	669	2.39219018226442e-08	9.23921857621268e-05	ALG1L2
110	chr3	130082095	130082095	1	*	0.333	0	9	669	1.62429713375755e-06	0.00333299992139456	ALG1L2
111	chr3	130082682	130082682	1	*	0.5	0	6	669	3.91924589789679e-07	0.000965036618089592	ALG1L2
112	chr3	130086506	130086506	1	*	0.429	0.001	7	669	2.7191217841917e-06	0.00525702431782055	ALG1L2
113	chr3	142512220	142512220	1	*	0.25	0	12	669	4.19805507924593e-06	0.00775759293904089	ATR
114	chr3	149333468	149333468	1	*	0.45	0.001	10	669	1.18758952603972e-07	0.000354654737761079	TM4SF18
115	chr3	158321282	158321282	1	*	0.375	0.006	12	669	3.75524104341652e-06	0.00701348992353405	RSRC1
116	chr3	168044890	168044890	1	*	0.3	0.001	15	669	7.45158467000705e-07	0.001725992392586	GOLIM4
117	chr3	179203465	179203465	1	*	0.219	0	16	669	2.00138609512939e-07	0.000546898698950283	PIK3CA
118	chr3	186675306	186675306	1	*	0.455	0.003	11	669	8.00640225717514e-09	4.20370904831666e-05	HRG
119	chr3	188524897	188524897	1	*	0.4	0	10	669	2.39219018226442e-08	9.23921857621268e-05	LPP
120	chr3	188577761	188577761	1	*	0.438	0.001	8	669	4.01522910789833e-08	0.000146293516641021	LPP
121	chr4	1737791	1737791	1	*	0.321	0.001	14	669	5.50309444691213e-07	0.00131148374731827	TACC3
122	chr4	4423695	4423695	1	*	0.231	0	13	669	5.43346512969264e-06	0.00953479626768795	STX18
123	chr4	7741451	7741451	1	*	0.364	0.001	11	669	1.85304278152214e-07	0.000536148434034832	SORCS2
124	chr4	21373968	21373968	1	*	0.455	0.01	11	669	2.90890659741491e-07	0.000769733047008452	KCNIP4
125	chr4	37861424	37861424	1	*	0.423	0.001	13	669	6.31063879697388e-09	3.44888990286211e-05	PGM2
126	chr4	39278808	39278808	1	*	0.45	0	10	669	2.39219018226442e-08	9.23921857621268e-05	WDR19
127	chr4	40123926	40123926	1	*	0.4	0	10	669	2.39219018226442e-08	9.23921857621268e-05	N4BP2
128	chr4	53986526	53986526	1	*	0.444	0	9	669	1.44381967445115e-08	6.7428043289621e-05	PDGFRA
129	chr4	54009964	54009964	1	*	0.318	0	11	669	3.16247290814875e-06	0.00592910844216982	CHIC2, PDGFRA
130	chr4	55556835	55556835	1	*	0.3	0	10	669	2.31017223315822e-06	0.00455591844846035	PDCL2
131	chr4	68229210	68229210	1	*	0.385	0	13	669	1.06223333305602e-09	7.46397889398981e-06	TMPRSS11B
132	chr4	68229212	68229212	1	*	0.385	0	13	669	1.06223333305602e-09	7.46397889398981e-06	TMPRSS11B
133	chr4	72450922	72450922	1	*	0.458	0	12	669	6.58509835831571e-10	5.70600819928893e-06	ADAMTS3
134	chr4	80431366	80431366	1	*	0.375	0	12	669	5.57263948572467e-08	0.000194966720012367	CFAP299
135	chr4	82857351	82857351	1	*	0.35	0	10	669	2.39219018226442e-08	9.23921857621268e-05	SEC31A
136	chr4	87127176	87127176	1	*	0.409	0	11	669	3.73704331834417e-08	0.000137053687071846	AFF1
137	chr4	87615716	87615716	1	*	0.462	0.004	13	669	1.02653064233969e-09	7.46397889398981e-06	DSPP
138	chr4	109685238	109685238	1	*	0.367	0	15	669	3.59707587975014e-11	6.20162210781033e-07	MCUB
139	chr4	121814070	121814070	1	*	0.344	0	16	669	5.70490983322709e-11	7.63248933160573e-07	EXOSC9
140	chr4	122301262	122301262	1	*	0.375	0	12	669	5.57263948572467e-08	0.000194966720012367	KIAA1109
141	chr4	143903120	143903120	1	*	0.462	0.001	13	669	8.70858089908092e-11	1.05534811414195e-06	GYPE
142	chr5	2747319	2747319	1	*	0.444	0.001	9	669	7.17625505847383e-08	0.000243432400066811	IRX2
143	chr5	26889678	26889678	1	*	0.278	0	9	669	1.62429713375755e-06	0.00333299992139456	CDH9
144	chr5	40957773	40957773	1	*	0.5	0	6	669	3.91924589789679e-07	0.000965036618089592	C7
145	chr5	52952204	52952204	1	*	0.4	0.008	10	669	2.90830782318814e-06	0.00560335425854437	ITGA1
146	chr5	56928955	56928955	1	*	0.333	0	15	669	2.44241452235034e-09	1.57705574087533e-05	MIER3
147	chr5	62578792	62578792	1	*	0.308	0	13	669	8.00215777568871e-08	0.000252874917475357	LRRC70, IPO11
148	chr5	66870599	66870599	1	*	0.231	0	13	669	5.43346512969264e-06	0.00953479626768795	MAST4
149	chr5	78165484	78165484	1	*	0.3	0	10	669	2.31017223315822e-06	0.00455591844846035	AP3B1
150	chr5	108798057	108798057	1	*	0.318	0	11	669	3.16247290814875e-06	0.00592910844216982	FER
151	chr5	108832750	108832750	1	*	0.269	0	13	669	5.43346512969264e-06	0.00953479626768795	FER
152	chr5	112902217	112902217	1	*	0.45	0	10	669	2.39219018226442e-08	9.23921857621268e-05	REEP5
153	chr5	141194596	141194596	1	*	0.346	0	13	669	8.00215777568871e-08	0.000252874917475357	PCDHB10
154	chr5	148315720	148315720	1	*	0.219	0	16	669	2.00138609512939e-07	0.000546898698950283	LOC102546294, SPINK7
155	chr5	171391960	171391960	1	*	0.375	0	12	669	5.57263948572467e-08	0.000194966720012367	NPM1
156	chr5	172203200	172203200	1	*	0.3	0	15	669	1.50985625018021e-07	0.000442208337976378	EFCAB9
157	chr5	180307145	180307145	1	*	0.333	0	12	669	5.57263948572467e-08	0.000194966720012367	GFPT2
158	chr5	180621986	180621986	1	*	0.308	0	13	669	8.00215777568871e-08	0.000252874917475357	FLT4
159	chr6	350940	350940	1	*	0.469	0.003	16	669	4.91390813689369e-13	2.93492113808654e-08	DUSP22
160	chr6	3138184	3138184	1	*	0.444	0	9	669	1.44381967445115e-08	6.7428043289621e-05	BPHL
161	chr6	25653338	25653338	1	*	0.312	0.001	16	669	2.08747837079445e-08	9.23921857621268e-05	SCGN
162	chr6	26373237	26373237	1	*	0.333	0.003	12	669	8.20159875687069e-07	0.00186358041883851	BTN3A2
163	chr6	26463748	26463748	1	*	0.278	0	9	669	1.62429713375755e-06	0.00333299992139456	BTN2A1
164	chr6	32518801	32518801	1	*	0.3	0	10	669	2.31017223315822e-06	0.00455591844846035	HLA-DRB5
165	chr6	32518803	32518803	1	*	0.35	0.002	10	669	1.18758952603972e-07	0.000354654737761079	HLA-DRB5
166	chr6	34883381	34883381	1	*	0.438	0	8	669	8.06882409559744e-09	4.20370904831666e-05	TAF11
167	chr6	38169483	38169483	1	*	0.5	0	9	669	1.44381967445115e-08	6.7428043289621e-05	BTBD9
168	chr6	38860648	38860648	1	*	0.469	0.002	16	669	9.9322682675934e-14	6.92093282065754e-09	DNAH8
169	chr6	41923143	41923143	1	*	0.429	0.002	7	669	2.7191217841917e-06	0.00525702431782055	BYSL
170	chr6	42209217	42209217	1	*	0.5	0	6	669	3.91924589789679e-07	0.000965036618089592	MRPS10
171	chr6	43282987	43282987	1	*	0.219	0	16	669	2.00138609512939e-07	0.000546898698950283	TTBK1
172	chr6	44173578	44173578	1	*	0.45	0	10	669	2.39219018226442e-08	9.23921857621268e-05	CAPN11
173	chr6	53498689	53498689	1	*	0.5	0	11	669	3.43975058887694e-12	1.55472171271863e-07	GCLC
174	chr6	109039046	109039046	1	*	0.4	0	10	669	2.39219018226442e-08	9.23921857621268e-05	SESN1
175	chr6	109632862	109632862	1	*	0.3	0	15	669	1.50985625018021e-07	0.000442208337976378	AK9
176	chr6	143783005	143783005	1	*	0.444	0.002	9	669	7.17625505847383e-08	0.000243432400066811	PHACTR2
177	chr6	151405165	151405165	1	*	0.231	0	13	669	5.43346512969264e-06	0.00953479626768795	RMND1
178	chr6	155314147	155314147	1	*	0.409	0.001	11	669	1.85304278152214e-07	0.000536148434034832	TFB1M
179	chr6	158604335	158604335	1	*	0.5	0	8	669	8.06882409559744e-09	4.20370904831666e-05	TMEM181
180	chr6	158759384	158759384	1	*	0.417	0	6	669	3.91924589789679e-07	0.000965036618089592	SYTL3
181	chr6	158768390	158768390	1	*	0.333	0	9	669	1.62429713375755e-06	0.00333299992139456	EZR
182	chr6	167947824	167947824	1	*	0.267	0	15	669	1.50985625018021e-07	0.000442208337976378	AFDN
183	chr6	169219838	169219838	1	*	0.423	0.001	13	669	6.31063879697388e-09	3.44888990286211e-05	LOC101929523, THBS2
184	chr7	21867834	21867834	1	*	0.5	0.001	16	669	9.9322682675934e-14	6.92093282065754e-09	DNAH11
185	chr7	22961164	22961164	1	*	0.406	0	16	669	5.70490983322709e-11	7.63248933160573e-07	FAM126A
186	chr7	24707683	24707683	1	*	0.444	0	9	669	1.44381967445115e-08	6.7428043289621e-05	GSDME
187	chr7	48005850	48005850	1	*	0.346	0	13	669	8.00215777568871e-08	0.000252874917475357	SUN3
188	chr7	66377556	66377556	1	*	0.464	0	14	669	2.17734504579565e-11	4.23405251707141e-07	LINC00174, TPST1
189	chr7	67019593	67019593	1	*	0.45	0	10	669	2.39219018226442e-08	9.23921857621268e-05	TYW1
190	chr7	75117733	75117733	1	*	0.417	0	6	669	3.91924589789679e-07	0.000965036618089592	GTF2IRD2B
191	chr7	81961798	81961798	1	*	0.357	0.001	14	669	9.73273235470658e-09	5.00816759573105e-05	CACNA2D1
192	chr7	90346823	90346823	1	*	0.312	0	16	669	3.52667153326765e-09	2.09143002316727e-05	GTPBP10
193	chr7	91070269	91070269	1	*	0.308	0.001	13	669	3.95858955452211e-07	0.000965036618089592	CDK14
194	chr7	92083702	92083702	1	*	0.5	0.003	10	669	4.41035185137909e-09	2.48338596936218e-05	AKAP9
195	chr7	98221482	98221482	1	*	0.389	0	9	669	1.44381967445115e-08	6.7428043289621e-05	TECPR1
196	chr7	100950139	100950139	1	*	0.3	0	10	669	2.31017223315822e-06	0.00455591844846035	MUC3A
197	chr7	100951865	100951865	1	*	0.385	0	13	669	1.06223333305602e-09	7.46397889398981e-06	MUC3A
198	chr7	100951903	100951903	1	*	0.385	0	13	669	1.06223333305602e-09	7.46397889398981e-06	MUC3A
199	chr7	100952010	100952010	1	*	0.464	0	14	669	2.17734504579565e-11	4.23405251707141e-07	MUC3A
200	chr7	100952057	100952057	1	*	0.464	0	14	669	2.17734504579565e-11	4.23405251707141e-07	MUC3A
201	chr7	100952063	100952063	1	*	0.464	0	14	669	2.17734504579565e-11	4.23405251707141e-07	MUC3A
202	chr7	100952147	100952147	1	*	0.5	0	13	669	1.25522402724493e-11	2.6912502015219e-07	MUC3A
203	chr7	100952148	100952148	1	*	0.5	0	13	669	1.25522402724493e-11	2.6912502015219e-07	MUC3A
204	chr7	100952233	100952233	1	*	0.5	0	13	669	1.25522402724493e-11	2.6912502015219e-07	MUC3A
205	chr7	100952493	100952493	1	*	0.5	0	13	669	1.25522402724493e-11	2.6912502015219e-07	MUC3A
206	chr7	100952498	100952498	1	*	0.5	0	13	669	1.25522402724493e-11	2.6912502015219e-07	MUC3A
207	chr7	100952605	100952605	1	*	0.385	0	13	669	1.06223333305602e-09	7.46397889398981e-06	MUC3A
208	chr7	100952612	100952612	1	*	0.385	0	13	669	1.06223333305602e-09	7.46397889398981e-06	MUC3A
209	chr7	100959185	100959185	1	*	0.269	0	13	669	5.43346512969264e-06	0.00953479626768795	MUC3A
210	chr7	100959263	100959263	1	*	0.385	0	13	669	1.06223333305602e-09	7.46397889398981e-06	MUC3A
211	chr7	100959264	100959264	1	*	0.385	0	13	669	1.06223333305602e-09	7.46397889398981e-06	MUC3A
212	chr7	100959344	100959344	1	*	0.462	0	13	669	1.25522402724493e-11	2.6912502015219e-07	MUC3A
213	chr7	100959988	100959988	1	*	0.5	0	13	669	1.25522402724493e-11	2.6912502015219e-07	MUC3A
214	chr7	100960006	100960006	1	*	0.5	0.001	13	669	8.70858089908092e-11	1.05534811414195e-06	MUC3A
215	chr7	100960209	100960209	1	*	0.5	0	13	669	1.25522402724493e-11	2.6912502015219e-07	MUC3A
216	chr7	100960229	100960229	1	*	0.5	0	13	669	1.25522402724493e-11	2.6912502015219e-07	MUC3A
217	chr7	100960407	100960407	1	*	0.5	0.03	13	669	2.41334085354609e-06	0.0047314806445119	MUC3A
218	chr7	100960421	100960421	1	*	0.5	0.03	13	669	2.41334085354609e-06	0.0047314806445119	MUC3A
219	chr7	100960659	100960659	1	*	0.5	0	13	669	1.25522402724493e-11	2.6912502015219e-07	MUC3A
220	chr7	100960738	100960738	1	*	0.5	0.03	13	669	2.41334085354609e-06	0.0047314806445119	MUC3A
221	chr7	100961081	100961081	1	*	0.417	0	12	669	6.58509835831571e-10	5.70600819928893e-06	MUC3A
222	chr7	100961219	100961219	1	*	0.273	0	11	669	3.16247290814875e-06	0.00592910844216982	MUC3A
223	chr7	100963136	100963136	1	*	0.5	0.001	13	669	8.70858089908092e-11	1.05534811414195e-06	MUC3A
224	chr7	100963322	100963322	1	*	0.308	0	13	669	8.00215777568871e-08	0.000252874917475357	MUC3A
225	chr7	100963439	100963439	1	*	0.318	0	11	669	3.16247290814875e-06	0.00592910844216982	MUC3A
226	chr7	100963440	100963440	1	*	0.318	0	11	669	3.16247290814875e-06	0.00592910844216982	MUC3A
227	chr7	100963479	100963479	1	*	0.455	0	11	669	3.86971941248658e-10	3.81163139788469e-06	MUC3A
228	chr7	100963628	100963628	1	*	0.5	0	13	669	1.25522402724493e-11	2.6912502015219e-07	MUC3A
229	chr7	100963782	100963782	1	*	0.5	0.01	13	669	2.02322671441419e-08	9.23921857621268e-05	MUC3A
230	chr7	100963900	100963900	1	*	0.462	0	13	669	1.25522402724493e-11	2.6912502015219e-07	MUC3A
231	chr7	100965037	100965037	1	*	0.45	0.002	10	669	1.18758952603972e-07	0.000354654737761079	MUC3A
232	chr7	100965053	100965053	1	*	0.45	0	10	669	2.39219018226442e-08	9.23921857621268e-05	MUC3A
233	chr7	100965108	100965108	1	*	0.455	0.002	11	669	2.30463289454755e-09	1.49967125518657e-05	MUC3A
234	chr7	100965391	100965391	1	*	0.5	0	13	669	1.25522402724493e-11	2.6912502015219e-07	MUC3A
235	chr7	100965468	100965468	1	*	0.458	0	12	669	6.58509835831571e-10	5.70600819928893e-06	MUC3A
236	chr7	100965473	100965473	1	*	0.458	0	12	669	6.58509835831571e-10	5.70600819928893e-06	MUC3A
237	chr7	100965477	100965477	1	*	0.458	0	12	669	6.58509835831571e-10	5.70600819928893e-06	MUC3A
238	chr7	100965488	100965488	1	*	0.5	0	12	669	6.81888883257547e-12	2.37574490792634e-07	MUC3A
239	chr7	100965547	100965547	1	*	0.455	0	11	669	3.86971941248658e-10	3.81163139788469e-06	MUC3A
240	chr7	100965685	100965685	1	*	0.5	0.006	13	669	2.54347273601023e-09	1.63599198982286e-05	MUC3A
241	chr7	100965753	100965753	1	*	0.5	0	13	669	1.25522402724493e-11	2.6912502015219e-07	MUC3A
242	chr7	100965754	100965754	1	*	0.5	0.001	13	669	8.70858089908092e-11	1.05534811414195e-06	MUC3A
243	chr7	100965798	100965798	1	*	0.385	0	13	669	1.06223333305602e-09	7.46397889398981e-06	MUC3A
244	chr7	100965859	100965859	1	*	0.5	0	13	669	1.25522402724493e-11	2.6912502015219e-07	MUC3A
245	chr7	100965904	100965904	1	*	0.423	0	13	669	1.06223333305602e-09	7.46397889398981e-06	MUC3A
246	chr7	100966076	100966076	1	*	0.375	0	8	669	1.08767748808653e-06	0.00239339280905132	MUC3A
247	chr7	100969746	100969746	1	*	0.393	0	14	669	2.17734504579565e-11	4.23405251707141e-07	MUC12
248	chr7	100969846	100969846	1	*	0.417	0	12	669	6.58509835831571e-10	5.70600819928893e-06	MUC12
249	chr7	100972900	100972900	1	*	0.346	0	13	669	8.00215777568871e-08	0.000252874917475357	MUC12
250	chr7	100992310	100992310	1	*	0.462	0	13	669	1.25522402724493e-11	2.6912502015219e-07	MUC12
251	chr7	101402657	101402657	1	*	0.3	0	10	669	2.31017223315822e-06	0.00455591844846035	COL26A1
252	chr7	105051094	105051094	1	*	0.438	0.001	8	669	4.01522910789833e-08	0.000146293516641021	KMT2E
253	chr7	105482444	105482444	1	*	0.4	0	10	669	2.39219018226442e-08	9.23921857621268e-05	PUS7
254	chr7	122480297	122480297	1	*	0.4	0	10	669	2.39219018226442e-08	9.23921857621268e-05	CADPS2
255	chr7	129458472	129458472	1	*	0.3	0	15	669	1.50985625018021e-07	0.000442208337976378	STRIP2
256	chr7	138871070	138871070	1	*	0.462	0.001	13	669	8.70858089908092e-11	1.05534811414195e-06	KIAA1549
257	chr7	151195597	151195597	1	*	0.45	0	10	669	2.39219018226442e-08	9.23921857621268e-05	IQCA1L
258	chr7	152403370	152403370	1	*	0.5	0	6	669	3.91924589789679e-07	0.000965036618089592	KMT2C
259	chr7	152407393	152407393	1	*	0.455	0.001	11	669	2.30463289454755e-09	1.49967125518657e-05	KMT2C
260	chr7	155503109	155503109	1	*	0.464	0.004	14	669	1.77389669580988e-09	1.17256043997405e-05	CNPY1
261	chr7	158136554	158136554	1	*	0.231	0	13	669	5.43346512969264e-06	0.00953479626768795	PTPRN2
262	chr7	158312205	158312205	1	*	0.444	0.01	9	669	4.56959120905752e-06	0.0083427515590159	PTPRN2
263	chr7	158532618	158532618	1	*	0.462	0.003	13	669	3.4524800701085e-10	3.77369836452681e-06	PTPRN2
264	chr8	11786306	11786306	1	*	0.406	0	16	669	5.70490983322709e-11	7.63248933160573e-07	NEIL2
265	chr8	18073218	18073218	1	*	0.375	0.001	16	669	3.94302530888582e-10	3.81163139788469e-06	ASAH1
266	chr8	25345254	25345254	1	*	0.3	0	10	669	2.31017223315822e-06	0.00455591844846035	DOCK5
267	chr8	25390305	25390305	1	*	0.25	0	14	669	1.11374102219176e-07	0.000341755213248331	DOCK5
268	chr8	33497355	33497355	1	*	0.4	0.003	10	669	3.53740962700138e-07	0.000930155743258709	TTI2, MAK16
269	chr8	38060038	38060038	1	*	0.219	0	16	669	2.00138609512939e-07	0.000546898698950283	EIF4EBP1
270	chr8	38060043	38060043	1	*	0.219	0.002	16	669	9.86586361431624e-07	0.00221168724949938	EIF4EBP1
271	chr8	40625281	40625281	1	*	0.25	0	12	669	4.19805507924593e-06	0.00775759293904089	ZMAT4
272	chr8	70638660	70638660	1	*	0.385	0	13	669	1.06223333305602e-09	7.46397889398981e-06	LACTB2-AS1, LACTB2
273	chr8	70706859	70706859	1	*	0.5	0	14	669	2.57293358439663e-13	1.65494155876896e-08	XKR9
274	chr8	85135765	85135765	1	*	0.423	0	13	669	1.06223333305602e-09	7.46397889398981e-06	LRRCC1
275	chr8	100072419	100072419	1	*	0.462	0	13	669	1.25522402724493e-11	2.6912502015219e-07	RGS22
276	chr8	104246999	104246999	1	*	0.318	0	11	669	3.16247290814875e-06	0.00592910844216982	RIMS2
277	chr8	115806715	115806715	1	*	0.5	0	7	669	4.05839072267418e-09	2.30069619778132e-05	TRPS1
278	chr8	131940480	131940480	1	*	0.367	0	15	669	3.59707587975014e-11	6.20162210781033e-07	EFR3A
279	chr9	9498947	9498947	1	*	0.3	0	10	669	2.31017223315822e-06	0.00455591844846035	PTPRD
280	chr9	18681698	18681698	1	*	0.333	0	9	669	1.62429713375755e-06	0.00333299992139456	ADAMTSL1
281	chr9	33795652	33795652	1	*	0.281	0	16	669	2.00138609512939e-07	0.000546898698950283	PRSS3
282	chr9	33795705	33795705	1	*	0.321	0	14	669	1.11374102219176e-07	0.000341755213248331	PRSS3
283	chr9	33795706	33795706	1	*	0.321	0	14	669	1.11374102219176e-07	0.000341755213248331	PRSS3
284	chr9	33797575	33797575	1	*	0.308	0.001	13	669	3.95858955452211e-07	0.000965036618089592	PRSS3
285	chr9	33798019	33798019	1	*	0.281	0	16	669	2.00138609512939e-07	0.000546898698950283	PRSS3
286	chr9	33798054	33798054	1	*	0.312	0.002	16	669	2.08747837079445e-08	9.23921857621268e-05	PRSS3
287	chr9	33798147	33798147	1	*	0.321	0	14	669	1.11374102219176e-07	0.000341755213248331	PRSS3
288	chr9	35752277	35752277	1	*	0.308	0	13	669	8.00215777568871e-08	0.000252874917475357	RGP1
289	chr9	41044386	41044386	1	*	0.417	0	12	669	6.58509835831571e-10	5.70600819928893e-06	PGM5P2
290	chr9	41044504	41044504	1	*	0.312	0	16	669	3.52667153326765e-09	2.09143002316727e-05	PGM5P2
291	chr9	68405558	68405558	1	*	0.3	0	10	669	2.31017223315822e-06	0.00455591844846035	PGM5
292	chr9	74948259	74948259	1	*	0.292	0	12	669	5.57263948572467e-08	0.000194966720012367	C9orf40
293	chr9	77857673	77857673	1	*	0.389	0	9	669	1.44381967445115e-08	6.7428043289621e-05	GNAQ
294	chr9	83682824	83682824	1	*	0.5	0	10	669	2.12639127312393e-10	2.45246384275867e-06	UBQLN1
295	chr9	97307229	97307229	1	*	0.308	0	13	669	8.00215777568871e-08	0.000252874917475357	SUGT1P4-STRA6LP-CCDC180
296	chr9	108903824	108903824	1	*	0.292	0.001	12	669	2.75997934942906e-07	0.00073614899920208	ELP1
297	chr9	112297820	112297820	1	*	0.423	0	13	669	1.06223333305602e-09	7.46397889398981e-06	PTBP3
298	chr9	114894353	114894353	1	*	0.385	0	13	669	1.06223333305602e-09	7.46397889398981e-06	TNFSF8
299	chr9	115020557	115020557	1	*	0.417	0.008	12	669	1.58893041252711e-07	0.000463743344558487	TNC
300	chr9	121183227	121183227	1	*	0.458	0	12	669	6.58509835831571e-10	5.70600819928893e-06	RAB14
301	chr9	127479095	127479095	1	*	0.281	0.001	16	669	9.86586361431624e-07	0.00221168724949938	LRSAM1
302	chr9	130141488	130141488	1	*	0.35	0	10	669	2.39219018226442e-08	9.23921857621268e-05	GPRACR
303	chr9	130461473	130461473	1	*	0.417	0	6	669	3.91924589789679e-07	0.000965036618089592	ASS1
304	chr9	133791944	133791944	1	*	0.364	0	11	669	3.73704331834417e-08	0.000137053687071846	VAV2
305	chr9	134792851	134792851	1	*	0.389	0.001	9	669	7.17625505847383e-08	0.000243432400066811	COL5A1
306	chr9	134850650	134850650	1	*	0.423	0	13	669	1.06223333305602e-09	7.46397889398981e-06	MIR3689E
307	chr9	136383542	136383542	1	*	0.25	0.001	16	669	9.86586361431624e-07	0.00221168724949938	SNAPC4
308	chr9	137252642	137252642	1	*	0.357	0	14	669	1.64026660116606e-09	1.08853233758995e-05	STPG3-AS1, STPG3
309	chr10	7824305	7824305	1	*	0.25	0.001	16	669	9.86586361431624e-07	0.00221168724949938	TAF3
310	chr10	11320826	11320826	1	*	0.385	0.001	13	669	6.31063879697388e-09	3.44888990286211e-05	CELF2
311	chr10	13096191	13096191	1	*	0.389	0	9	669	1.44381967445115e-08	6.7428043289621e-05	CCDC3
312	chr10	24619261	24619261	1	*	0.4	0.001	10	669	1.18758952603972e-07	0.000354654737761079	ARHGAP21
313	chr10	46550016	46550016	1	*	0.5	0.01	16	669	6.66381379148598e-11	8.84463147460744e-07	GPRIN2
314	chr10	47379528	47379528	1	*	0.5	0	7	669	4.05839072267418e-09	2.30069619778132e-05	ZNF488
315	chr10	48823167	48823167	1	*	0.308	0.001	13	669	3.95858955452211e-07	0.000965036618089592	WDFY4
316	chr10	51320450	51320450	1	*	0.357	0	14	669	1.64026660116606e-09	1.08853233758995e-05	PRKG1
317	chr10	86128178	86128178	1	*	0.5	0.008	7	669	5.02271155940822e-07	0.0012120832177616	GRID1
318	chr10	87659881	87659881	1	*	0.5	0.001	11	669	2.3925149496521e-11	4.44569418729515e-07	PAPSS2
319	chr10	119120113	119120113	1	*	0.278	0	9	669	1.62429713375755e-06	0.00333299992139456	FAM45A
320	chr10	128076480	128076480	1	*	0.5	0.003	10	669	4.41035185137909e-09	2.48338596936218e-05	PTPRE
321	chr11	4769643	4769643	1	*	0.25	0.001	16	669	9.86586361431624e-07	0.00221168724949938	OR51F1, MMP26
322	chr11	11614362	11614362	1	*	0.318	0	11	669	3.16247290814875e-06	0.00592910844216982	GALNT18
323	chr11	17179021	17179021	1	*	0.429	0	7	669	6.82824239089931e-07	0.0015904203329614	PIK3C2A
324	chr11	17526854	17526854	1	*	0.312	0	16	669	3.52667153326765e-09	2.09143002316727e-05	USH1C
325	chr11	20507455	20507455	1	*	0.429	0.001	7	669	2.7191217841917e-06	0.00525702431782055	PRMT3
326	chr11	32655086	32655086	1	*	0.409	0	11	669	3.73704331834417e-08	0.000137053687071846	CCDC73
327	chr11	56375923	56375923	1	*	0.312	0.001	16	669	2.08747837079445e-08	9.23921857621268e-05	OR8U1
328	chr11	56375932	56375932	1	*	0.312	0.001	16	669	2.08747837079445e-08	9.23921857621268e-05	OR8U1
329	chr11	56375935	56375935	1	*	0.312	0.001	16	669	2.08747837079445e-08	9.23921857621268e-05	OR8U1
330	chr11	56375938	56375938	1	*	0.312	0.001	16	669	2.08747837079445e-08	9.23921857621268e-05	OR8U1
331	chr11	56375939	56375939	1	*	0.312	0.001	16	669	2.08747837079445e-08	9.23921857621268e-05	OR8U1
332	chr11	56376308	56376308	1	*	0.312	0	16	669	3.52667153326765e-09	2.09143002316727e-05	OR8U1
333	chr11	56854936	56854936	1	*	0.45	0.003	10	669	3.53740962700138e-07	0.000930155743258709	LOC101927120
334	chr11	63914846	63914846	1	*	0.462	0.03	13	669	2.41334085354609e-06	0.0047314806445119	RCOR2
335	chr11	64950578	64950578	1	*	0.462	0	13	669	1.25522402724493e-11	2.6912502015219e-07	MAJIN
336	chr11	68121326	68121326	1	*	0.5	0	6	669	3.91924589789679e-07	0.000965036618089592	CHKA
337	chr11	72577606	72577606	1	*	0.286	0.003	14	669	1.63146286936422e-06	0.00333542611374588	PDE2A
338	chr11	75276977	75276977	1	*	0.385	0	13	669	1.06223333305602e-09	7.46397889398981e-06	ARRB1
339	chr11	82661030	82661030	1	*	0.444	0	9	669	1.44381967445115e-08	6.7428043289621e-05	MIR4300HG
340	chr11	106855477	106855477	1	*	0.375	0	8	669	1.08767748808653e-06	0.00239339280905132	GUCY1A2
341	chr12	865142	865142	1	*	0.5	0.005	16	669	1.78279547238547e-12	8.51845654582662e-08	WNK1
342	chr12	23111983	23111983	1	*	0.5	0	6	669	3.91924589789679e-07	0.000965036618089592	LOC101928441
343	chr12	51299848	51299848	1	*	0.346	0.001	13	669	3.95858955452211e-07	0.000965036618089592	BIN2
344	chr12	53270524	53270524	1	*	0.281	0	16	669	2.00138609512939e-07	0.000546898698950283	ESPL1
345	chr12	65068649	65068649	1	*	0.286	0.001	14	669	5.50309444691213e-07	0.00131148374731827	WIF1
346	chr12	78143358	78143358	1	*	0.385	0	13	669	1.06223333305602e-09	7.46397889398981e-06	NAV3
347	chr12	85876851	85876851	1	*	0.231	0	13	669	5.43346512969264e-06	0.00953479626768795	NTS
348	chr12	101063072	101063072	1	*	0.5	0	7	669	4.05839072267418e-09	2.30069619778132e-05	ANO4
349	chr12	110435322	110435322	1	*	0.3	0	10	669	2.31017223315822e-06	0.00455591844846035	ARPC3, ANAPC7
350	chr12	116428308	116428308	1	*	0.346	0.001	13	669	3.95858955452211e-07	0.000965036618089592	MIR4472-2
351	chr12	124993835	124993835	1	*	0.4	0	10	669	2.39219018226442e-08	9.23921857621268e-05	BRI3BP
352	chr12	130563963	130563963	1	*	0.375	0.001	8	669	4.32650348005934e-06	0.0079335881813385	RIMBP2
353	chr12	131756392	131756392	1	*	0.385	0	13	669	1.06223333305602e-09	7.46397889398981e-06	SFSWAP
354	chr13	19659955	19659955	1	*	0.333	0	9	669	1.62429713375755e-06	0.00333299992139456	MPHOSPH8
355	chr13	25096739	25096739	1	*	0.25	0.003	16	669	2.91800951687898e-06	0.00561557667843737	PABPC3
356	chr13	28368703	28368703	1	*	0.35	0	10	669	2.39219018226442e-08	9.23921857621268e-05	FLT1
357	chr13	36258086	36258086	1	*	0.423	0	13	669	1.06223333305602e-09	7.46397889398981e-06	CCDC169-SOHLH2, CCDC169
358	chr13	93640832	93640832	1	*	0.444	0	9	669	1.44381967445115e-08	6.7428043289621e-05	GPC6
359	chr13	95188166	95188166	1	*	0.375	0	8	669	1.08767748808653e-06	0.00239339280905132	ABCC4
360	chr13	102643201	102643201	1	*	0.433	0.001	15	669	2.48930383890673e-10	2.75694686377451e-06	TPP2
361	chr13	106495498	106495498	1	*	0.389	0	9	669	1.44381967445115e-08	6.7428043289621e-05	EFNB2
362	chr13	110677242	110677242	1	*	0.458	0.002	12	669	3.91696457082656e-09	2.28241798501267e-05	CARS2
363	chr13	113432634	113432634	1	*	0.375	0	12	669	5.57263948572467e-08	0.000194966720012367	LOC101928841, ADPRHL1
364	chr13	113601340	113601340	1	*	0.308	0.001	13	669	3.95858955452211e-07	0.000965036618089592	TFDP1
365	chr14	20198016	20198016	1	*	0.406	0	16	669	5.70490983322709e-11	7.63248933160573e-07	OR11G2
366	chr14	20990161	20990161	1	*	0.344	0	16	669	5.70490983322709e-11	7.63248933160573e-07	METTL17
367	chr14	21462202	21462202	1	*	0.333	0.001	12	669	2.75997934942906e-07	0.00073614899920208	RAB2B
368	chr14	24064653	24064653	1	*	0.35	0	10	669	2.39219018226442e-08	9.23921857621268e-05	CARMIL3
369	chr14	49831435	49831435	1	*	0.273	0	11	669	3.16247290814875e-06	0.00592910844216982	NEMF
370	chr14	50629926	50629926	1	*	0.423	0	13	669	1.06223333305602e-09	7.46397889398981e-06	ATL1
371	chr14	59944866	59944866	1	*	0.385	0.004	13	669	5.77433100334662e-08	0.00019951876503673	LRRC9
372	chr14	87941372	87941372	1	*	0.25	0	16	669	2.00138609512939e-07	0.000546898698950283	GALC
373	chr14	88185482	88185482	1	*	0.308	0	13	669	8.00215777568871e-08	0.000252874917475357	KCNK10
374	chr14	90644279	90644279	1	*	0.5	0	13	669	1.25522402724493e-11	2.6912502015219e-07	LOC101928909, TTC7B
375	chr14	95444632	95444632	1	*	0.312	0.001	16	669	2.08747837079445e-08	9.23921857621268e-05	SYNE3
376	chr14	102342217	102342217	1	*	0.269	0	13	669	5.43346512969264e-06	0.00953479626768795	CINP, ZNF839
377	chr14	104945729	104945729	1	*	0.5	0	15	669	5.64239821139616e-15	9.81670316889798e-10	AHNAK2
378	chr14	104950348	104950348	1	*	0.312	0	16	669	3.52667153326765e-09	2.09143002316727e-05	AHNAK2
379	chr14	104951923	104951923	1	*	0.464	0.02	14	669	5.17078587354779e-07	0.00124601857729301	AHNAK2
380	chr14	104951938	104951938	1	*	0.312	0.004	16	669	1.89607164890106e-07	0.000546706434157126	AHNAK2
381	chr14	104952007	104952007	1	*	0.406	0	16	669	5.70490983322709e-11	7.63248933160573e-07	AHNAK2
382	chr15	23440678	23440678	1	*	0.333	0.001	15	669	1.44746333401146e-08	6.7428043289621e-05	GOLGA6L2
383	chr15	28703301	28703301	1	*	0.438	0	8	669	8.06882409559744e-09	4.20370904831666e-05	GOLGA8M
384	chr15	38511819	38511819	1	*	0.269	0	13	669	5.43346512969264e-06	0.00953479626768795	RASGRP1
385	chr15	50719903	50719903	1	*	0.5	0	14	669	2.57293358439663e-13	1.65494155876896e-08	SPPL2A
386	chr15	64954157	64954157	1	*	0.278	0	9	669	1.62429713375755e-06	0.00333299992139456	ANKDD1A
387	chr15	65451929	65451929	1	*	0.458	0.01	12	669	4.90748849164825e-07	0.00119115287177017	DPP8
388	chr15	67321473	67321473	1	*	0.35	0	10	669	2.39219018226442e-08	9.23921857621268e-05	IQCH
389	chr15	74244059	74244059	1	*	0.438	0.001	16	669	6.64347222749279e-12	2.37574490792634e-07	CCDC33
390	chr15	89261958	89261958	1	*	0.346	0	13	669	8.00215777568871e-08	0.000252874917475357	FANCI
391	chr15	89273511	89273511	1	*	0.375	0.001	8	669	4.32650348005934e-06	0.0079335881813385	FANCI
392	chr16	8640950	8640950	1	*	0.417	0.007	12	669	1.58893041252711e-07	0.000463743344558487	METTL22
393	chr16	8640954	8640954	1	*	0.5	0.007	12	669	3.03186400749858e-09	1.93524458198636e-05	METTL22
394	chr16	10761664	10761664	1	*	0.25	0	12	669	4.19805507924593e-06	0.00775759293904089	NUBP1, TVP23A
395	chr16	24351661	24351661	1	*	0.5	0.001	6	669	1.56244936911689e-06	0.00333299992139456	MIR3680-1, CACNG3
396	chr16	31191377	31191377	1	*	0.346	0.006	13	669	5.36706404748058e-06	0.00953479626768795	FUS
397	chr16	50281385	50281385	1	*	0.5	0.001	6	669	1.56244936911689e-06	0.00333299992139456	ADCY7
398	chr16	57473865	57473865	1	*	0.4	0.001	15	669	2.48930383890673e-10	2.75694686377451e-06	DOK4
399	chr16	68252675	68252675	1	*	0.308	0	13	669	8.00215777568871e-08	0.000252874917475357	PLA2G15
400	chr16	70992234	70992234	1	*	0.417	0	12	669	6.58509835831571e-10	5.70600819928893e-06	HYDIN
401	chr16	84873893	84873893	1	*	0.346	0	13	669	8.00215777568871e-08	0.000252874917475357	CRISPLD2
402	chr16	85077700	85077700	1	*	0.286	0.003	14	669	1.63146286936422e-06	0.00333542611374588	KIAA0513
403	chr16	87975106	87975106	1	*	0.438	0	16	669	8.40192906219008e-13	4.13263954973019e-08	BANP
404	chr16	89613474	89613474	1	*	0.444	0.001	9	669	7.17625505847383e-08	0.000243432400066811	DPEP1
405	chr17	2694417	2694417	1	*	0.312	0	16	669	3.52667153326765e-09	2.09143002316727e-05	CLUH
406	chr17	8513688	8513688	1	*	0.3	0	15	669	1.50985625018021e-07	0.000442208337976378	MYH10
407	chr17	8881583	8881583	1	*	0.357	0.001	14	669	9.73273235470658e-09	5.00816759573105e-05	PIK3R5
408	chr17	10354838	10354838	1	*	0.267	0	15	669	1.50985625018021e-07	0.000442208337976378	MYH13
409	chr17	15740067	15740067	1	*	0.312	0	16	669	3.52667153326765e-09	2.09143002316727e-05	TBC1D26, ZNF286A
410	chr17	17988279	17988279	1	*	0.4	0	10	669	2.39219018226442e-08	9.23921857621268e-05	DRC3, ATPAF2
411	chr17	21293221	21293221	1	*	0.438	0	8	669	8.06882409559744e-09	4.20370904831666e-05	MAP2K3
412	chr17	21293248	21293248	1	*	0.389	0	9	669	1.44381967445115e-08	6.7428043289621e-05	MAP2K3
413	chr17	21293296	21293296	1	*	0.45	0	10	669	2.39219018226442e-08	9.23921857621268e-05	MAP2K3
414	chr17	21293457	21293457	1	*	0.5	0	6	669	3.91924589789679e-07	0.000965036618089592	MAP2K3
415	chr17	21294127	21294127	1	*	0.3	0	10	669	2.31017223315822e-06	0.00455591844846035	MAP2K3
416	chr17	21294508	21294508	1	*	0.333	0	9	669	1.62429713375755e-06	0.00333299992139456	MAP2K3
417	chr17	21294548	21294548	1	*	0.3	0	10	669	2.31017223315822e-06	0.00455591844846035	MAP2K3
418	chr17	21295031	21295031	1	*	0.4	0	10	669	2.39219018226442e-08	9.23921857621268e-05	MAP2K3
419	chr17	21295483	21295483	1	*	0.4	0	10	669	2.39219018226442e-08	9.23921857621268e-05	MAP2K3
420	chr17	21295487	21295487	1	*	0.4	0	10	669	2.39219018226442e-08	9.23921857621268e-05	MAP2K3
421	chr17	21295547	21295547	1	*	0.5	0.001	10	669	1.26794755588799e-09	8.69038263539689e-06	MAP2K3
422	chr17	21295551	21295551	1	*	0.5	0.001	10	669	1.26794755588799e-09	8.69038263539689e-06	MAP2K3
423	chr17	21295963	21295963	1	*	0.423	0	13	669	1.06223333305602e-09	7.46397889398981e-06	MAP2K3
424	chr17	21295965	21295965	1	*	0.423	0	13	669	1.06223333305602e-09	7.46397889398981e-06	MAP2K3
425	chr17	21296297	21296297	1	*	0.409	0	11	669	3.73704331834417e-08	0.000137053687071846	MAP2K3
426	chr17	21296306	21296306	1	*	0.409	0	11	669	3.73704331834417e-08	0.000137053687071846	MAP2K3
427	chr17	21297356	21297356	1	*	0.278	0	9	669	1.62429713375755e-06	0.00333299992139456	MAP2K3
428	chr17	21297917	21297917	1	*	0.278	0	9	669	1.62429713375755e-06	0.00333299992139456	MAP2K3
429	chr17	21297930	21297930	1	*	0.278	0	9	669	1.62429713375755e-06	0.00333299992139456	MAP2K3
430	chr17	21298539	21298539	1	*	0.5	0	16	669	1.11530031798983e-14	9.81670316889798e-10	MAP2K3
431	chr17	21298582	21298582	1	*	0.5	0	16	669	1.11530031798983e-14	9.81670316889798e-10	MAP2K3
432	chr17	21298622	21298622	1	*	0.467	0.04	15	669	1.93190353128751e-06	0.00394002536884414	MAP2K3
433	chr17	21298669	21298669	1	*	0.385	0	13	669	1.06223333305602e-09	7.46397889398981e-06	MAP2K3
434	chr17	21298703	21298703	1	*	0.458	0	12	669	6.58509835831571e-10	5.70600819928893e-06	MAP2K3
435	chr17	21298790	21298790	1	*	0.464	0	14	669	2.17734504579565e-11	4.23405251707141e-07	MAP2K3
436	chr17	21298811	21298811	1	*	0.219	0.001	16	669	9.86586361431624e-07	0.00221168724949938	MAP2K3
437	chr17	21298879	21298879	1	*	0.469	0	16	669	1.11530031798983e-14	9.81670316889798e-10	MAP2K3
438	chr17	21298925	21298925	1	*	0.469	0.001	16	669	9.9322682675934e-14	6.92093282065754e-09	MAP2K3
439	chr17	21298960	21298960	1	*	0.469	0	16	669	1.11530031798983e-14	9.81670316889798e-10	MAP2K3
440	chr17	21299128	21299128	1	*	0.308	0	13	669	8.00215777568871e-08	0.000252874917475357	MAP2K3
441	chr17	21299291	21299291	1	*	0.273	0	11	669	3.16247290814875e-06	0.00592910844216982	MAP2K3
442	chr17	21299321	21299321	1	*	0.4	0	10	669	2.39219018226442e-08	9.23921857621268e-05	MAP2K3
443	chr17	21301225	21301225	1	*	0.455	0	11	669	3.86971941248658e-10	3.81163139788469e-06	MAP2K3
444	chr17	21301604	21301604	1	*	0.444	0	9	669	1.44381967445115e-08	6.7428043289621e-05	MAP2K3
445	chr17	21301913	21301913	1	*	0.45	0	10	669	2.39219018226442e-08	9.23921857621268e-05	MAP2K3
446	chr17	21301963	21301963	1	*	0.45	0	10	669	2.39219018226442e-08	9.23921857621268e-05	MAP2K3
447	chr17	21302040	21302040	1	*	0.367	0	15	669	3.59707587975014e-11	6.20162210781033e-07	MAP2K3
448	chr17	21302458	21302458	1	*	0.5	0	10	669	2.12639127312393e-10	2.45246384275867e-06	MAP2K3
449	chr17	21303048	21303048	1	*	0.5	0.001	13	669	8.70858089908092e-11	1.05534811414195e-06	MAP2K3
450	chr17	21303060	21303060	1	*	0.5	0	13	669	1.25522402724493e-11	2.6912502015219e-07	MAP2K3
451	chr17	21303073	21303073	1	*	0.5	0.003	13	669	3.4524800701085e-10	3.77369836452681e-06	MAP2K3
452	chr17	21303132	21303132	1	*	0.464	0.003	14	669	5.97362481504794e-10	5.70600819928893e-06	MAP2K3
453	chr17	21303304	21303304	1	*	0.469	0	16	669	1.11530031798983e-14	9.81670316889798e-10	MAP2K3
454	chr17	21303330	21303330	1	*	0.375	0	16	669	5.70490983322709e-11	7.63248933160573e-07	MAP2K3
455	chr17	21303355	21303355	1	*	0.267	0	15	669	1.50985625018021e-07	0.000442208337976378	MAP2K3
456	chr17	21303442	21303442	1	*	0.444	0.005	9	669	4.96384295463383e-07	0.00119960805332729	MAP2K3
457	chr17	21304188	21304188	1	*	0.35	0	10	669	2.39219018226442e-08	9.23921857621268e-05	MAP2K3
458	chr17	21304627	21304627	1	*	0.25	0	12	669	4.19805507924593e-06	0.00775759293904089	MAP2K3
459	chr17	21304677	21304677	1	*	0.385	0.01	13	669	7.84821712927754e-07	0.00181284168016083	MAP2K3
460	chr17	21305005	21305005	1	*	0.406	0	16	669	5.70490983322709e-11	7.63248933160573e-07	MAP2K3
461	chr17	21409230	21409230	1	*	0.312	0	16	669	3.52667153326765e-09	2.09143002316727e-05	KCNJ12
462	chr17	21414803	21414803	1	*	0.389	0	9	669	1.44381967445115e-08	6.7428043289621e-05	KCNJ12
463	chr17	21414864	21414864	1	*	0.333	0	9	669	1.62429713375755e-06	0.00333299992139456	KCNJ12
464	chr17	21415183	21415183	1	*	0.5	0	10	669	2.12639127312393e-10	2.45246384275867e-06	KCNJ12
465	chr17	21415197	21415197	1	*	0.455	0	11	669	3.86971941248658e-10	3.81163139788469e-06	KCNJ12
466	chr17	21415639	21415639	1	*	0.4	0	15	669	3.59707587975014e-11	6.20162210781033e-07	KCNJ12
467	chr17	21415657	21415657	1	*	0.4	0	15	669	3.59707587975014e-11	6.20162210781033e-07	KCNJ12
468	chr17	21415775	21415775	1	*	0.385	0	13	669	1.06223333305602e-09	7.46397889398981e-06	KCNJ12
469	chr17	21416533	21416533	1	*	0.385	0	13	669	1.06223333305602e-09	7.46397889398981e-06	KCNJ12
470	chr17	21416596	21416596	1	*	0.346	0	13	669	8.00215777568871e-08	0.000252874917475357	KCNJ12
471	chr17	29534095	29534095	1	*	0.219	0.001	16	669	9.86586361431624e-07	0.00221168724949938	TAOK1
472	chr17	36625342	36625342	1	*	0.455	0.004	11	669	2.11919204117606e-08	9.23921857621268e-05	TBC1D3H
473	chr17	39917586	39917586	1	*	0.5	0	9	669	1.44381967445115e-08	6.7428043289621e-05	GSDMB
474	chr17	42702516	42702516	1	*	0.469	0	16	669	1.11530031798983e-14	9.81670316889798e-10	EZH1
475	chr17	42969190	42969190	1	*	0.357	0	14	669	1.64026660116606e-09	1.08853233758995e-05	PTGES3L, PTGES3L-AARSD1
476	chr17	48569065	48569065	1	*	0.429	0.001	7	669	2.7191217841917e-06	0.00525702431782055	HOXB3, HOXB-AS3
477	chr17	59106909	59106909	1	*	0.278	0	9	669	1.62429713375755e-06	0.00333299992139456	TRIM37
478	chr17	59935407	59935407	1	*	0.462	0	13	669	1.25522402724493e-11	2.6912502015219e-07	RPS6KB1
479	chr17	65852251	65852251	1	*	0.35	0	10	669	2.39219018226442e-08	9.23921857621268e-05	CEP112
480	chr17	67138225	67138225	1	*	0.3	0	10	669	2.31017223315822e-06	0.00455591844846035	HELZ
481	chr17	68522639	68522639	1	*	0.292	0	12	669	5.57263948572467e-08	0.000194966720012367	PRKAR1A
482	chr17	72859550	72859550	1	*	0.375	0	8	669	1.08767748808653e-06	0.00239339280905132	SLC39A11
483	chr17	73205960	73205960	1	*	0.458	0	12	669	6.58509835831571e-10	5.70600819928893e-06	COG1
484	chr17	73743732	73743732	1	*	0.35	0.001	10	669	1.18758952603972e-07	0.000354654737761079	LOC100134391
485	chr17	75142885	75142885	1	*	0.423	0	13	669	1.06223333305602e-09	7.46397889398981e-06	JPT1
486	chr17	75630842	75630842	1	*	0.312	0	16	669	3.52667153326765e-09	2.09143002316727e-05	RECQL5
487	chr17	77216396	77216396	1	*	0.5	0.01	10	669	1.61233067337974e-07	0.000469753103476879	SEC14L1
488	chr17	80251146	80251146	1	*	0.45	0	10	669	2.39219018226442e-08	9.23921857621268e-05	SLC26A11
489	chr17	80822795	80822795	1	*	0.375	0	8	669	1.08767748808653e-06	0.00239339280905132	RPTOR
490	chr17	82064780	82064780	1	*	0.462	0.02	13	669	3.03061220475083e-07	0.00080067098755565	DUS1L
491	chr18	260108	260108	1	*	0.5	0	11	669	3.43975058887694e-12	1.55472171271863e-07	THOC1
492	chr18	23813265	23813265	1	*	0.5	0	10	669	2.12639127312393e-10	2.45246384275867e-06	LAMA3
493	chr18	36754976	36754976	1	*	0.333	0	9	669	1.62429713375755e-06	0.00333299992139456	FHOD3
494	chr18	58341595	58341595	1	*	0.269	0	13	669	5.43346512969264e-06	0.00953479626768795	NEDD4L
495	chr19	288329	288329	1	*	0.35	0	10	669	2.39219018226442e-08	9.23921857621268e-05	PLPP2
496	chr19	2852147	2852147	1	*	0.5	0	6	669	3.91924589789679e-07	0.000965036618089592	ZNF555
497	chr19	3648502	3648502	1	*	0.25	0	14	669	1.11374102219176e-07	0.000341755213248331	PIP5K1C
498	chr19	4199812	4199812	1	*	0.321	0	14	669	1.11374102219176e-07	0.000341755213248331	ANKRD24
499	chr19	4511266	4511266	1	*	0.344	0	16	669	5.70490983322709e-11	7.63248933160573e-07	PLIN4
500	chr19	4511271	4511271	1	*	0.344	0	16	669	5.70490983322709e-11	7.63248933160573e-07	PLIN4
501	chr19	4511272	4511272	1	*	0.344	0.001	16	669	3.94302530888582e-10	3.81163139788469e-06	PLIN4
502	chr19	7699659	7699659	1	*	0.375	0.001	16	669	3.94302530888582e-10	3.81163139788469e-06	FCER2
503	chr19	8316711	8316711	1	*	0.269	0	13	669	5.43346512969264e-06	0.00953479626768795	ELAVL1, NDUFA7
504	chr19	8554418	8554418	1	*	0.281	0	16	669	2.00138609512939e-07	0.000546898698950283	MYO1F
505	chr19	8891828	8891828	1	*	0.344	0	16	669	5.70490983322709e-11	7.63248933160573e-07	MUC16
506	chr19	8898754	8898754	1	*	0.269	0	13	669	5.43346512969264e-06	0.00953479626768795	MUC16
507	chr19	8898768	8898768	1	*	0.385	0	13	669	1.06223333305602e-09	7.46397889398981e-06	MUC16
508	chr19	8898875	8898875	1	*	0.219	0	16	669	2.00138609512939e-07	0.000546898698950283	MUC16
509	chr19	9298135	9298135	1	*	0.45	0	10	669	2.39219018226442e-08	9.23921857621268e-05	ZNF699
510	chr19	11119974	11119974	1	*	0.308	0	13	669	8.00215777568871e-08	0.000252874917475357	LDLR
511	chr19	13757311	13757311	1	*	0.269	0	13	669	5.43346512969264e-06	0.00953479626768795	CCDC130
512	chr19	15425815	15425815	1	*	0.5	0.002	6	669	1.56244936911689e-06	0.00333299992139456	WIZ
513	chr19	16921682	16921682	1	*	0.5	0	12	669	6.81888883257547e-12	2.37574490792634e-07	CPAMD8
514	chr19	18446225	18446225	1	*	0.269	0	13	669	5.43346512969264e-06	0.00953479626768795	ELL
515	chr19	38182486	38182486	1	*	0.281	0	16	669	2.00138609512939e-07	0.000546898698950283	SIPA1L3
516	chr19	39886260	39886260	1	*	0.5	0.005	13	669	1.02653064233969e-09	7.46397889398981e-06	FCGBP
517	chr19	39890173	39890173	1	*	0.433	0.001	15	669	2.48930383890673e-10	2.75694686377451e-06	FCGBP
518	chr19	39891610	39891610	1	*	0.5	0.005	10	669	1.16880729107282e-08	5.97754141294474e-05	FCGBP
519	chr19	39891613	39891613	1	*	0.5	0.005	10	669	1.16880729107282e-08	5.97754141294474e-05	FCGBP
520	chr19	39898983	39898983	1	*	0.45	0	10	669	2.39219018226442e-08	9.23921857621268e-05	FCGBP
521	chr19	40589180	40589180	1	*	0.25	0	16	669	2.00138609512939e-07	0.000546898698950283	SHKBP1
522	chr19	40686705	40686705	1	*	0.364	0	11	669	3.73704331834417e-08	0.000137053687071846	NUMBL
523	chr19	40825517	40825517	1	*	0.438	0.01	8	669	2.57507168333533e-06	0.00503086881389897	CYP2G1P
524	chr19	41348575	41348575	1	*	0.269	0	13	669	5.43346512969264e-06	0.00953479626768795	TGFB1
525	chr19	45277823	45277823	1	*	0.308	0	13	669	8.00215777568871e-08	0.000252874917475357	MARK4
526	chr19	47457745	47457745	1	*	0.438	0	8	669	8.06882409559744e-09	4.20370904831666e-05	SLC8A2
527	chr19	48039619	48039619	1	*	0.375	0.001	8	669	4.32650348005934e-06	0.0079335881813385	CABP5
528	chr19	48206713	48206713	1	*	0.444	0	9	669	1.44381967445115e-08	6.7428043289621e-05	ZNF114, CARD8
529	chr19	50818663	50818663	1	*	0.458	0	12	669	6.58509835831571e-10	5.70600819928893e-06	LINC01869
530	chr19	51589884	51589884	1	*	0.333	0	9	669	1.62429713375755e-06	0.00333299992139456	ZNF175
531	chr19	53892758	53892758	1	*	0.292	0.002	12	669	2.75997934942906e-07	0.00073614899920208	PRKCG
532	chr19	57738642	57738642	1	*	0.278	0	9	669	1.62429713375755e-06	0.00333299992139456	ZNF776, ZNF551
533	chr20	15507389	15507389	1	*	0.444	0	9	669	1.44381967445115e-08	6.7428043289621e-05	MACROD2
534	chr20	19696983	19696983	1	*	0.35	0.004	10	669	8.19515110498485e-07	0.00186358041883851	SLC24A3
535	chr20	32728447	32728447	1	*	0.278	0	9	669	1.62429713375755e-06	0.00333299992139456	COMMD7
536	chr20	35617467	35617467	1	*	0.219	0	16	669	2.00138609512939e-07	0.000546898698950283	SPAG4
537	chr20	45419425	45419425	1	*	0.469	0	16	669	1.11530031798983e-14	9.81670316889798e-10	PIGT
538	chr20	57661926	57661926	1	*	0.5	0.001	6	669	1.56244936911689e-06	0.00333299992139456	PMEPA1
539	chr20	58899665	58899665	1	*	0.4	0.001	10	669	1.18758952603972e-07	0.000354654737761079	GNAS
540	chr20	63312564	63312564	1	*	0.219	0	16	669	2.00138609512939e-07	0.000546898698950283	COL20A1
541	chr20	64065528	64065528	1	*	0.5	0	7	669	4.05839072267418e-09	2.30069619778132e-05	TCEA2
542	chr21	8878655	8878655	1	*	0.417	0	6	669	3.91924589789679e-07	0.000965036618089592	MIR3648-1, SMIM11B, U2AF1L5, CRYAA2, CRYAA, U2AF1, CBS
543	chr21	9069658	9069658	1	*	0.385	0.001	13	669	6.31063879697388e-09	3.44888990286211e-05	SMIM11B, U2AF1L5, CRYAA2, CRYAA, U2AF1, CBS
544	chr21	9072208	9072208	1	*	0.308	0	13	669	8.00215777568871e-08	0.000252874917475357	SMIM11B, U2AF1L5, CRYAA2, CRYAA, U2AF1, CBS
545	chr21	9072604	9072604	1	*	0.333	0	12	669	5.57263948572467e-08	0.000194966720012367	SMIM11B, U2AF1L5, CRYAA2, CRYAA, U2AF1, CBS
546	chr21	9073136	9073136	1	*	0.406	0.008	16	669	2.47313425964747e-08	9.52983537386106e-05	SMIM11B, U2AF1L5, CRYAA2, CRYAA, U2AF1, CBS
547	chr21	9073480	9073480	1	*	0.321	0.004	14	669	3.76183017883808e-06	0.00701348992353405	SMIM11B, U2AF1L5, CRYAA2, CRYAA, U2AF1, CBS
548	chr21	9073481	9073481	1	*	0.25	0.004	14	669	3.76183017883808e-06	0.00701348992353405	SMIM11B, U2AF1L5, CRYAA2, CRYAA, U2AF1, CBS
549	chr21	9073561	9073561	1	*	0.267	0.004	15	669	5.08184245911015e-06	0.00926785639949325	SMIM11B, U2AF1L5, CRYAA2, CRYAA, U2AF1, CBS
550	chr21	9073574	9073574	1	*	0.3	0.003	15	669	2.20652613432188e-06	0.00449462385780674	SMIM11B, U2AF1L5, CRYAA2, CRYAA, U2AF1, CBS
551	chr21	9073701	9073701	1	*	0.346	0.003	13	669	1.17495558876268e-06	0.00257865899451819	SMIM11B, U2AF1L5, CRYAA2, CRYAA, U2AF1, CBS
552	chr21	9074594	9074594	1	*	0.417	0	6	669	3.91924589789679e-07	0.000965036618089592	SMIM11B, U2AF1L5, CRYAA2, CRYAA, U2AF1, CBS
553	chr21	9074663	9074663	1	*	0.35	0.004	10	669	8.19515110498485e-07	0.00186358041883851	SMIM11B, U2AF1L5, CRYAA2, CRYAA, U2AF1, CBS
554	chr21	9087978	9087978	1	*	0.278	0	9	669	1.62429713375755e-06	0.00333299992139456	SMIM11B, U2AF1L5, CRYAA2, CRYAA, U2AF1, CBS
555	chr21	9088063	9088063	1	*	0.3	0	10	669	2.31017223315822e-06	0.00455591844846035	SMIM11B, U2AF1L5, CRYAA2, CRYAA, U2AF1, CBS
556	chr21	9088263	9088263	1	*	0.423	0	13	669	1.06223333305602e-09	7.46397889398981e-06	SMIM11B, U2AF1L5, CRYAA2, CRYAA, U2AF1, CBS
557	chr21	9188854	9188854	1	*	0.417	0	6	669	3.91924589789679e-07	0.000965036618089592	SMIM11B, U2AF1L5, CRYAA2, CRYAA, U2AF1, CBS
558	chr21	10769934	10769934	1	*	0.417	0.001	6	669	1.56244936911689e-06	0.00333299992139456	SMIM11B, U2AF1L5, CRYAA2, CRYAA, U2AF1, CBS
559	chr21	13405435	13405435	1	*	0.35	0	10	669	2.39219018226442e-08	9.23921857621268e-05	SMIM11B, U2AF1L5, CRYAA2, CRYAA, U2AF1, CBS
560	chr21	32064696	32064696	1	*	0.45	0	10	669	2.39219018226442e-08	9.23921857621268e-05	SMIM11B, U2AF1L5, CRYAA2, CRYAA, U2AF1, CBS
561	chr21	35467980	35467980	1	*	0.292	0.001	12	669	2.75997934942906e-07	0.00073614899920208	LOC100506403, LOC101928269, U2AF1L5, CRYAA2, CRYAA, U2AF1, CBS
562	chr21	42122576	42122576	1	*	0.333	0	9	669	1.62429713375755e-06	0.00333299992139456	U2AF1L5, CRYAA2, CRYAA, U2AF1, CBS, UMODL1
563	chr21	45495607	45495607	1	*	0.364	0.001	11	669	1.85304278152214e-07	0.000536148434034832	SLC19A1, COL18A1
564	chr21	45511090	45511090	1	*	0.438	0.001	16	669	6.64347222749279e-12	2.37574490792634e-07	SLC19A1, COL18A1
565	chr22	16696718	16696718	1	*	0.5	0.001	10	669	1.26794755588799e-09	8.69038263539689e-06	TPTEP1
566	chr22	16696792	16696792	1	*	0.458	0.001	12	669	3.91696457082656e-09	2.28241798501267e-05	TPTEP1
567	chr22	16698096	16698096	1	*	0.455	0.01	11	669	2.90890659741491e-07	0.000769733047008452	TPTEP1
568	chr22	25017964	25017964	1	*	0.409	0	11	669	3.73704331834417e-08	0.000137053687071846	KIAA1671
569	chr22	25018080	25018080	1	*	0.455	0	11	669	3.86971941248658e-10	3.81163139788469e-06	KIAA1671
570	chr22	36326793	36326793	1	*	0.318	0	11	669	3.16247290814875e-06	0.00592910844216982	MYH9
571	chr22	36348845	36348845	1	*	0.292	0.001	12	669	2.75997934942906e-07	0.00073614899920208	MYH9
572	chr22	37704381	37704381	1	*	0.375	0.003	12	669	8.20159875687069e-07	0.00186358041883851	TRIOBP
573	chr22	41467677	41467677	1	*	0.231	0	13	669	5.43346512969264e-06	0.00953479626768795	PHF5A
574	chr22	43284755	43284755	1	*	0.308	0	13	669	8.00215777568871e-08	0.000252874917475357	SCUBE1
575	chr22	44860022	44860022	1	*	0.5	0	8	669	8.06882409559744e-09	4.20370904831666e-05	ARHGAP8, PRR5-ARHGAP8
576	chr22	50576781	50576781	1	*	0.438	0.001	16	669	6.64347222749279e-12	2.37574490792634e-07	CPT1B, CHKB-CPT1B
577	chr22	50606376	50606376	1	*	0.45	0.001	10	669	1.18758952603972e-07	0.000354654737761079	MAPK8IP2
578	chr22	50606381	50606381	1	*	0.4	0.001	10	669	1.18758952603972e-07	0.000354654737761079	MAPK8IP2
579	chrX	9823206	9823206	1	*	0.5	0.008	8	669	9.92680712672995e-07	0.00222237025772342	SHROOM2
580	chrX	22226318	22226318	1	*	0.409	0	11	669	3.73704331834417e-08	0.000137053687071846	PHEX
581	chrX	55145994	55145994	1	*	0.438	0	16	669	8.40192906219008e-13	4.13263954973019e-08	FAM104B
582	chrX	55146212	55146212	1	*	0.406	0.001	16	669	3.94302530888582e-10	3.81163139788469e-06	FAM104B
583	chrX	123202596	123202596	1	*	0.308	0	13	669	8.00215777568871e-08	0.000252874917475357	GRIA3
584	chrX	138711361	138711361	1	*	0.5	0	6	669	3.91924589789679e-07	0.000965036618089592	FGF13
585	chrX	138711376	138711376	1	*	0.429	0	7	669	6.82824239089931e-07	0.0015904203329614	FGF13
586	chrX	138711398	138711398	1	*	0.429	0	7	669	6.82824239089931e-07	0.0015904203329614	FGF13
